G :   0.0   0.0   0.0   0.0   0.0   0.0   0.0   0.0   0.0   0.0   0.0   0.0   0.0   0.0   0.0   0.0   0.0   0.0   0.0   0.0   0.0   0.0   0.0   0.0   0.0   0.0   0.0   0.0   0.0   0.0   0.0   0.0 
  :   0.0 100.0 100.0 100.0 100.0 100.0 100.0 100.0 100.0 100.0 100.0 100.0 100.0 100.0 100.0 100.0 100.0 100.0 100.0 100.0 100.0 100.0 100.0 100.0 100.0 100.0 100.0 100.0 100.0 100.0 100.0   0.0 
  :   0.0  49.8  69.4  78.5  83.4  86.4  88.3  89.6  90.6  91.3  91.8  92.2  92.4  92.6  92.8  92.8  92.8  92.8  92.7  92.5  92.2  91.8  91.3  90.6  89.6  88.3  86.4  83.4  78.5  69.4  49.8   0.0 
  :   0.0  29.9  49.3  61.2  68.8  73.8  77.2  79.6  81.4  82.7  83.7  84.4  85.0  85.4  85.6  85.7  85.7  85.6  85.4  85.0  84.5  83.8  82.8  81.5  79.7  77.3  73.8  68.8  61.3  49.3  29.9   0.0 
  :   0.0  20.4  36.6  48.4  56.7  62.7  67.1  70.3  72.7  74.5  75.9  76.9  77.7  78.3  78.6  78.8  78.8  78.6  78.3  77.8  77.0  76.0  74.6  72.8  70.4  67.2  62.8  56.8  48.4  36.6  20.4   0.0 
  :   0.0  15.1  28.3  38.9  47.1  53.4  58.2  61.8  64.7  66.8  68.5  69.8  70.7  71.4  71.8  72.1  72.1  71.9  71.5  70.8  69.9  68.6  67.0  64.8  62.0  58.3  53.5  47.2  39.0  28.4  15.2   0.0 
G :   0.0  11.8  22.6  31.8  39.4  45.6  50.4  54.3  57.3  59.7  61.5  63.0  64.1  64.8  65.3  65.6  65.6  65.4  64.9  64.2  63.1  61.7  59.8  57.5  54.4  50.6  45.7  39.6  32.0  22.7  11.9   0.0 
G :   0.0  15.1  28.3  38.9  47.1  53.4  58.2  61.8  64.7  66.8  68.5  69.8  70.7  71.4  71.8  72.1  72.1  71.9  71.5  70.8  69.9  68.6  67.0  64.8  62.0  58.3  53.5  47.2  39.0  28.4  15.2   0.0 
  :   0.0  11.8  22.6  31.8  39.4  45.6  50.4  54.3  57.3  59.7  61.5  63.0  64.1  64.8  65.3  65.6  65.6  65.4  64.9  64.2  63.1  61.7  59.8  57.5  54.4  50.6  45.7  39.6  32.0  22.7  11.9   0.0 
  :   0.0   9.5  18.5  26.5  33.3  39.0  43.7  47.6  50.7  53.1  55.1  56.6  57.8  58.6  59.2  59.5  59.5  59.2  58.7  57.9  56.8  55.3  53.3  50.8  47.8  43.9  39.2  33.5  26.6  18.6   9.6   0.0 
  :   0.0   7.9  15.4  22.3  28.3  33.6  38.0  41.7  44.7  47.2  49.2  50.7  51.9  52.8  53.4  53.7  53.7  53.4  52.9  52.1  50.9  49.3  47.4  44.9  41.9  38.2  33.8  28.5  22.4  15.5   7.9   0.0 
  :   0.0   6.6  13.0  18.9  24.2  28.9  33.0  36.5  39.4  41.8  43.7  45.3  46.5  47.4  47.9  48.2  48.3  48.0  47.5  46.6  45.4  43.9  42.0  39.6  36.7  33.2  29.2  24.4  19.1  13.1   6.7   0.0 
  :   0.0   5.6  11.0  16.1  20.8  25.0  28.7  31.9  34.6  36.9  38.8  40.3  41.4  42.3  42.9  43.2  43.2  42.9  42.4  41.6  40.5  39.0  37.1  34.9  32.1  28.9  25.2  21.0  16.3  11.2   5.7   0.0 
G :   0.0   4.8   9.4  13.8  17.9  21.6  25.0  27.9  30.4  32.5  34.3  35.7  36.8  37.7  38.2  38.5  38.5  38.3  37.8  37.0  35.9  34.5  32.7  30.6  28.1  25.2  21.9  18.1  14.0   9.6   4.8   0.0 
G :   0.0   5.6  11.0  16.1  20.8  25.0  28.7  31.9  34.6  36.9  38.8  40.3  41.4  42.3  42.9  43.2  43.2  42.9  42.4  41.6  40.5  39.0  37.1  34.9  32.1  28.9  25.2  21.0  16.3  11.2   5.7   0.0 
  :   0.0   4.8   9.4  13.8  17.9  21.6  25.0  27.9  30.4  32.5  34.3  35.7  36.8  37.7  38.2  38.5  38.5  38.3  37.8  37.0  35.9  34.5  32.7  30.6  28.1  25.2  21.9  18.1  14.0   9.6   4.8   0.0 
  :   0.0   4.1   8.1  11.9  15.5  18.8  21.7  24.4  26.6  28.6  30.2  31.6  32.6  33.4  33.9  34.2  34.2  34.0  33.5  32.8  31.8  30.5  28.8  26.9  24.6  22.0  19.0  15.7  12.1   8.2   4.2   0.0 
  :   0.0   3.5   7.0  10.3  13.4  16.3  18.9  21.2  23.3  25.1  26.6  27.8  28.8  29.6  30.0  30.3  30.3  30.1  29.7  29.0  28.0  26.8  25.3  23.6  21.5  19.2  16.5  13.6  10.5   7.1   3.6   0.0 
  :   0.0   3.0   6.0   8.9  11.6  14.1  16.4  18.5  20.4  22.0  23.3  24.5  25.4  26.0  26.5  26.7  26.8  26.6  26.2  25.5  24.7  23.6  22.2  20.6  18.8  16.7  14.4  11.8   9.0   6.1   3.1   0.0 
  :   0.0   2.6   5.2   7.6  10.0  12.2  14.2  16.1  17.7  19.2  20.4  21.4  22.2  22.8  23.3  23.5  23.5  23.3  23.0  22.4  21.6  20.6  19.4  18.0  16.4  14.5  12.5  10.2   7.8   5.3   2.7   0.0 
G :   0.0   2.2   4.4   6.6   8.6  10.5  12.3  13.9  15.4  16.7  17.8  18.7  19.4  20.0  20.3  20.5  20.6  20.4  20.1  19.6  18.9  18.0  16.9  15.6  14.2  12.6  10.8   8.8   6.8   4.6   2.3   0.0 
G :   0.0   2.6   5.2   7.6  10.0  12.2  14.2  16.1  17.7  19.2  20.4  21.4  22.2  22.8  23.3  23.5  23.5  23.3  23.0  22.4  21.6  20.6  19.4  18.0  16.4  14.5  12.5  10.2   7.8   5.3   2.7   0.0 
  :   0.0   2.2   4.4   6.6   8.6  10.5  12.3  13.9  15.4  16.7  17.8  18.7  19.4  20.0  20.3  20.5  20.6  20.4  20.1  19.6  18.9  18.0  16.9  15.6  14.2  12.6  10.8   8.8   6.8   4.6   2.3   0.0 
  :   0.0   1.9   3.8   5.7   7.4   9.1  10.6  12.1  13.3  14.5  15.4  16.2  16.9  17.4  17.7  17.9  17.9  17.8  17.5  17.1  16.4  15.7  14.7  13.6  12.3  10.9   9.3   7.6   5.8   3.9   2.0   0.0 
  :   0.0   1.6   3.3   4.9   6.4   7.8   9.2  10.4  11.5  12.5  13.4  14.1  14.7  15.1  15.4  15.6  15.6  15.5  15.2  14.8  14.3  13.6  12.7  11.8  10.7   9.4   8.1   6.6   5.0   3.4   1.7   0.0 
  :   0.0   1.4   2.8   4.2   5.5   6.7   7.9   8.9   9.9  10.8  11.5  12.1  12.6  13.0  13.3  13.5  13.5  13.4  13.1  12.8  12.3  11.7  11.0  10.1   9.2   8.1   6.9   5.7   4.3   2.9   1.5   0.0 
  :   0.0   1.2   2.4   3.5   4.7   5.7   6.7   7.6   8.5   9.2   9.9  10.4  10.8  11.2  11.4  11.5  11.6  11.5  11.3  11.0  10.6  10.0   9.4   8.7   7.8   6.9   5.9   4.8   3.7   2.5   1.3   0.0 
G :   0.0   1.0   2.0   3.0   3.9   4.8   5.7   6.5   7.2   7.8   8.4   8.8   9.2   9.5   9.7   9.8   9.8   9.8   9.6   9.3   9.0   8.5   8.0   7.4   6.7   5.9   5.0   4.1   3.1   2.1   1.1   0.0 
G :   0.0   1.2   2.4   3.5   4.7   5.7   6.7   7.6   8.5   9.2   9.9  10.4  10.8  11.2  11.4  11.5  11.6  11.5  11.3  11.0  10.6  10.0   9.4   8.7   7.8   6.9   5.9   4.8   3.7   2.5   1.3   0.0 
  :   0.0   1.0   2.0   3.0   3.9   4.8   5.7   6.5   7.2   7.8   8.4   8.8   9.2   9.5   9.7   9.8   9.8   9.8   9.6   9.3   9.0   8.5   8.0   7.4   6.7   5.9   5.0   4.1   3.1   2.1   1.1   0.0 
  :   0.0   0.8   1.7   2.5   3.3   4.1   4.8   5.5   6.1   6.6   7.1   7.5   7.8   8.1   8.2   8.3   8.3   8.3   8.1   7.9   7.6   7.2   6.8   6.2   5.6   5.0   4.2   3.5   2.6   1.8   0.9   0.0 
  :   0.0   0.7   1.4   2.1   2.8   3.4   4.0   4.5   5.1   5.5   5.9   6.2   6.5   6.7   6.9   7.0   7.0   6.9   6.8   6.6   6.4   6.0   5.7   5.2   4.7   4.2   3.5   2.9   2.2   1.5   0.7   0.0 
  :   0.0   0.6   1.2   1.7   2.3   2.8   3.3   3.7   4.2   4.5   4.9   5.1   5.4   5.5   5.7   5.7   5.7   5.7   5.6   5.4   5.2   5.0   4.7   4.3   3.9   3.4   2.9   2.4   1.8   1.2   0.6   0.0 
  :   0.0   0.5   0.9   1.4   1.8   2.2   2.6   3.0   3.3   3.6   3.9   4.1   4.3   4.5   4.6   4.6   4.6   4.6   4.5   4.4   4.2   4.0   3.7   3.4   3.1   2.7   2.3   1.9   1.5   1.0   0.5   0.0 
G :   0.0   0.4   0.7   1.1   1.4   1.7   2.0   2.3   2.6   2.8   3.0   3.2   3.3   3.4   3.5   3.6   3.6   3.6   3.5   3.4   3.3   3.1   2.9   2.7   2.4   2.1   1.8   1.5   1.1   0.8   0.4   0.0 
G :   0.0   0.5   0.9   1.4   1.8   2.2   2.6   3.0   3.3   3.6   3.9   4.1   4.3   4.5   4.6   4.6   4.6   4.6   4.5   4.4   4.2   4.0   3.7   3.4   3.1   2.7   2.3   1.9   1.5   1.0   0.5   0.0 
  :   0.0   0.4   0.7   1.1   1.4   1.7   2.0   2.3   2.6   2.8   3.0   3.2   3.3   3.4   3.5   3.6   3.6   3.6   3.5   3.4   3.3   3.1   2.9   2.7   2.4   2.1   1.8   1.5   1.1   0.8   0.4   0.0 
  :   0.0   0.3   0.5   0.8   1.0   1.3   1.5   1.7   1.9   2.1   2.2   2.3   2.4   2.5   2.6   2.6   2.6   2.6   2.6   2.5   2.4   2.3   2.1   2.0   1.8   1.6   1.3   1.1   0.8   0.6   0.3   0.0 
  :   0.0   0.2   0.3   0.5   0.7   0.8   1.0   1.1   1.2   1.4   1.5   1.5   1.6   1.7   1.7   1.7   1.7   1.7   1.7   1.6   1.6   1.5   1.4   1.3   1.2   1.0   0.9   0.7   0.5   0.4   0.2   0.0 
  :   0.0   0.1   0.2   0.3   0.3   0.4   0.5   0.6   0.6   0.7   0.7   0.8   0.8   0.8   0.8   0.9   0.9   0.9   0.8   0.8   0.8   0.7   0.7   0.6   0.6   0.5   0.4   0.4   0.3   0.2   0.1   0.0 
  :   0.0   0.0   0.0   0.0   0.0   0.0   0.0   0.0   0.0   0.0   0.0   0.0   0.0   0.0   0.0   0.0   0.0   0.0   0.0   0.0   0.0   0.0   0.0   0.0   0.0   0.0   0.0   0.0   0.0   0.0   0.0   0.0 
G :   5.0   5.0   5.0   5.0   5.0   5.0   5.0   5.0   5.0   5.0   5.0   5.0   5.0   5.0   5.0   5.0   5.0   5.0   5.0   5.0   5.0   5.0   5.0   5.0   5.0   5.0   5.0   5.0   5.0   5.0   5.0   5.0 
0 0 0
0 0.0462188 100
0 0.0924375 100
0 0.138656 100
0 0.184875 100
0 0.231094 100
0 0.277313 100
0 0.323531 100
0 0.36975 100
0 0.415969 100
0 0.462188 100
0 0.508406 100
0 0.554625 100
0 0.600844 100
0 0.647063 100
0 0.693281 100
0 0.7395 100
0 0.785719 100
0 0.831937 100
0 0.878156 100
0 0.924375 100
0 0.970594 100
0 1.01681 100
0 1.06303 100
0 1.10925 100
0 1.15547 100
0 1.20169 100
0 1.24791 100
0 1.29413 100
0 1.34034 100
0 1.38656 100
0 1.43278 0

0.0462188 0 0
0.0462188 0.0462188 49.8134
0.0462188 0.0924375 69.3928
0.0462188 0.138656 78.5035
0.0462188 0.184875 83.4084
0.0462188 0.231094 86.3612
0.0462188 0.277313 88.2867
0.0462188 0.323531 89.6138
0.0462188 0.36975 90.5633
0.0462188 0.415969 91.2592
0.0462188 0.462188 91.7753
0.0462188 0.508406 92.1583
0.0462188 0.554625 92.4382
0.0462188 0.600844 92.6348
0.0462188 0.647063 92.7607
0.0462188 0.693281 92.8235
0.0462188 0.7395 92.8267
0.0462188 0.785719 92.7703
0.0462188 0.831937 92.6504
0.0462188 0.878156 92.4594
0.0462188 0.924375 92.1844
0.0462188 0.970594 91.8055
0.0462188 1.01681 91.2925
0.0462188 1.06303 90.5987
0.0462188 1.10925 89.6499
0.0462188 1.15547 88.3221
0.0462188 1.20169 86.3946
0.0462188 1.24791 83.4382
0.0462188 1.29413 78.5282
0.0462188 1.34034 69.4108
0.0462188 1.38656 49.8232
0.0462188 1.43278 0

0.0924375 0 0
0.0924375 0.0462188 29.8638
0.0924375 0.0924375 49.2597
0.0924375 0.138656 61.2204
0.0924375 0.184875 68.7784
0.0924375 0.231094 73.7611
0.0924375 0.277313 77.1851
0.0924375 0.323531 79.62
0.0924375 0.36975 81.3968
0.0924375 0.415969 82.7157
0.0924375 0.462188 83.7026
0.0924375 0.508406 84.4394
0.0924375 0.554625 84.9802
0.0924375 0.600844 85.3611
0.0924375 0.647063 85.6056
0.0924375 0.693281 85.7278
0.0924375 0.7395 85.7341
0.0924375 0.785719 85.6245
0.0924375 0.831937 85.3919
0.0924375 0.878156 85.022
0.0924375 0.924375 84.4909
0.0924375 0.970594 83.7622
0.0924375 1.01681 82.7815
0.0924375 1.06303 81.4666
0.0924375 1.10925 79.6912
0.0924375 1.15547 77.2551
0.0924375 1.20169 73.827
0.0924375 1.24791 68.8372
0.0924375 1.29413 61.2692
0.0924375 1.34034 49.2953
0.0924375 1.38656 29.8831
0.0924375 1.43278 0

0.138656 0 0
0.138656 0.0462188 20.3875
0.138656 0.0924375 36.5709
0.138656 0.138656 48.3524
0.138656 0.184875 56.7394
0.138656 0.231094 62.7388
0.138656 0.277313 67.0944
0.138656 0.323531 70.3091
0.138656 0.36975 72.7152
0.138656 0.415969 74.5333
0.138656 0.462188 75.911
0.138656 0.508406 76.9488
0.138656 0.554625 77.7156
0.138656 0.600844 78.2582
0.138656 0.647063 78.6075
0.138656 0.693281 78.7825
0.138656 0.7395 78.7918
0.138656 0.785719 78.6353
0.138656 0.831937 78.3035
0.138656 0.878156 77.7772
0.138656 0.924375 77.0247
0.138656 0.970594 75.9988
0.138656 1.01681 74.6302
0.138656 1.06303 72.818
0.138656 1.10925 70.414
0.138656 1.15547 67.1976
0.138656 1.20169 62.836
0.138656 1.24791 56.8262
0.138656 1.29413 48.4243
0.138656 1.34034 36.6232
0.138656 1.38656 20.4159
0.138656 1.43278 0

0.184875 0 0
0.184875 0.0462188 15.1228
0.184875 0.0924375 28.2962
0.184875 0.138656 38.8963
0.184875 0.184875 47.11
0.184875 0.231094 53.3866
0.184875 0.277313 58.1748
0.184875 0.323531 61.8405
0.184875 0.36975 64.659
0.184875 0.415969 66.8313
0.184875 0.462188 68.5017
0.184875 0.508406 69.7737
0.184875 0.554625 70.7211
0.184875 0.600844 71.3954
0.184875 0.647063 71.8314
0.184875 0.693281 72.0504
0.184875 0.7395 72.0626
0.184875 0.785719 71.8676
0.184875 0.831937 71.4546
0.184875 0.878156 70.8014
0.184875 0.924375 69.8727
0.184875 0.970594 68.6162
0.184875 1.01681 66.9577
0.184875 1.06303 64.793
0.184875 1.10925 61.9773
0.184875 1.15547 58.3093
0.184875 1.20169 53.5132
0.184875 1.24791 47.2231
0.184875 1.29413 38.9899
0.184875 1.34034 28.3644
0.184875 1.38656 15.1598
0.184875 1.43278 0

0.231094 0 0
0.231094 0.0462188 11.817
0.231094 0.0924375 22.6104
0.231094 0.138656 31.8483
0.231094 0.184875 39.4452
0.231094 0.231094 45.5556
0.231094 0.277313 50.4158
0.231094 0.323531 54.2616
0.231094 0.36975 57.2959
0.231094 0.415969 59.6813
0.231094 0.462188 61.544
0.231094 0.508406 62.9792
0.231094 0.554625 64.0575
0.231094 0.600844 64.8299
0.231094 0.647063 65.3318
0.231094 0.693281 65.5849
0.231094 0.7395 65.5997
0.231094 0.785719 65.3758
0.231094 0.831937 64.9019
0.231094 0.878156 64.1552
0.231094 0.924375 63.0996
0.231094 0.970594 61.6834
0.231094 1.01681 59.8351
0.231094 1.06303 57.4588
0.231094 1.10925 54.428
0.231094 1.15547 50.5794
0.231094 1.20169 45.7097
0.231094 1.24791 39.5828
0.231094 1.29413 31.9622
0.231094 1.34034 22.6934
0.231094 1.38656 11.862
0.231094 1.43278 0

0.277313 0 0
0.277313 0.0462188 9.54911
0.277313 0.0924375 18.5044
0.277313 0.138656 26.4757
0.277313 0.184875 33.3109
0.277313 0.231094 39.0275
0.277313 0.277313 43.7322
0.277313 0.323531 47.5629
0.277313 0.36975 50.6569
0.277313 0.415969 53.1356
0.277313 0.462188 55.1004
0.277313 0.508406 56.6321
0.277313 0.554625 57.7935
0.277313 0.600844 58.6311
0.277313 0.647063 59.1781
0.277313 0.693281 59.4551
0.277313 0.7395 59.4722
0.277313 0.785719 59.2289
0.277313 0.831937 58.7141
0.277313 0.878156 57.9061
0.277313 0.924375 56.771
0.277313 0.970594 55.2611
0.277313 1.01681 53.313
0.277313 1.06303 50.8448
0.277313 1.10925 47.7548
0.277313 1.15547 43.9208
0.277313 1.20169 39.2052
0.277313 1.24791 33.4695
0.277313 1.29413 26.607
0.277313 1.34034 18.6002
0.277313 1.38656 9.60097
0.277313 1.43278 0

0.323531 0 0
0.323531 0.0462188 7.88768
0.323531 0.0924375 15.4037
0.323531 0.138656 22.2684
0.323531 0.184875 28.332
0.323531 0.231094 33.5556
0.323531 0.277313 37.9734
0.323531 0.323531 41.658
0.323531 0.36975 44.6956
0.323531 0.415969 47.1712
0.323531 0.462188 49.1612
0.323531 0.508406 50.7301
0.323531 0.554625 51.9303
0.323531 0.600844 52.8019
0.323531 0.647063 53.374
0.323531 0.693281 53.6652
0.323531 0.7395 53.6843
0.323531 0.785719 53.4308
0.323531 0.831937 52.8947
0.323531 0.878156 52.0563
0.323531 0.924375 50.8854
0.323531 0.970594 49.3409
0.323531 1.01681 47.3695
0.323531 1.06303 44.9058
0.323531 1.10925 41.8726
0.323531 1.15547 38.1843
0.323531 1.20169 33.7542
0.323531 1.24791 28.5093
0.323531 1.29413 22.4152
0.323531 1.34034 15.5107
0.323531 1.38656 7.94565
0.323531 1.43278 0

0.36975 0 0
0.36975 0.0462188 6.61201
0.36975 0.0924375 12.9776
0.36975 0.138656 18.8945
0.36975 0.184875 24.234
0.36975 0.231094 28.9381
0.36975 0.277313 33.0039
0.36975 0.323531 36.4631
0.36975 0.36975 39.3654
0.36975 0.415969 41.7667
0.36975 0.462188 43.7217
0.36975 0.508406 45.2794
0.36975 0.554625 46.4809
0.36975 0.600844 47.3593
0.36975 0.647063 47.9388
0.36975 0.693281 48.2353
0.36975 0.7395 48.2561
0.36975 0.785719 48.0009
0.36975 0.831937 47.4606
0.36975 0.878156 46.6184
0.36975 0.924375 45.4488
0.36975 0.970594 43.9178
0.36975 1.01681 41.9831
0.36975 1.06303 39.5947
0.36975 1.10925 36.6972
0.36975 1.15547 33.234
0.36975 1.20169 29.1548
0.36975 1.24791 24.4274
0.36975 1.29413 19.0547
0.36975 1.34034 13.0943
0.36975 1.38656 6.67525
0.36975 1.43278 0

0.415969 0 0
0.415969 0.0462188 5.598
0.415969 0.0924375 11.0253
0.415969 0.138656 16.133
0.415969 0.184875 20.8151
0.415969 0.231094 25.0117
0.415969 0.277313 28.7017
0.415969 0.323531 31.8929
0.415969 0.36975 34.6104
0.415969 0.415969 36.8887
0.415969 0.462188 38.7647
0.415969 0.508406 40.2736
0.415969 0.554625 41.4466
0.415969 0.600844 42.3096
0.415969 0.647063 42.8818
0.415969 0.693281 43.176
0.415969 0.7395 43.1984
0.415969 0.785719 42.9481
0.415969 0.831937 42.418
0.415969 0.878156 41.5938
0.415969 0.924375 40.4549
0.415969 0.970594 38.9745
0.415969 1.01681 37.1202
0.415969 1.06303 34.8558
0.415969 1.10925 32.1434
0.415969 1.15547 28.948
0.415969 1.20169 25.2435
0.415969 1.24791 21.0222
0.415969 1.29413 16.3044
0.415969 1.34034 11.1502
0.415969 1.38656 5.66567
0.415969 1.43278 0

0.462188 0 0
0.462188 0.0462188 4.77085
0.462188 0.0924375 9.41954
0.462188 0.138656 13.834
0.462188 0.184875 17.9286
0.462188 0.231094 21.6475
0.462188 0.277313 24.9627
0.462188 0.323531 27.8683
0.462188 0.36975 30.3738
0.462188 0.415969 32.4981
0.462188 0.462188 34.2647
0.462188 0.508406 35.6979
0.462188 0.554625 36.82
0.462188 0.600844 37.6503
0.462188 0.647063 38.2035
0.462188 0.693281 38.4895
0.462188 0.7395 38.513
0.462188 0.785719 38.2733
0.462188 0.831937 37.7643
0.462188 0.878156 36.9748
0.462188 0.924375 35.8887
0.462188 0.970594 34.4856
0.462188 1.01681 32.7418
0.462188 1.06303 30.632
0.462188 1.10925 28.1319
0.462188 1.15547 25.2218
0.462188 1.20169 21.8915
0.462188 1.24791 18.1464
0.462188 1.29413 14.0144
0.462188 1.34034 9.55098
0.462188 1.38656 4.84206
0.462188 1.43278 0

0.508406 0 0
0.508406 0.0462188 4.08807
0.508406 0.0924375 8.08637
0.508406 0.138656 11.909
0.508406 0.184875 15.4866
0.508406 0.231094 18.77
0.508406 0.277313 21.7295
0.508406 0.323531 24.3519
0.508406 0.36975 26.6371
0.508406 0.415969 28.5936
0.508406 0.462188 30.2348
0.508406 0.508406 31.5763
0.508406 0.554625 32.6334
0.508406 0.600844 33.4197
0.508406 0.647063 33.946
0.508406 0.693281 34.2195
0.508406 0.7395 34.2437
0.508406 0.785719 34.0178
0.508406 0.831937 33.5369
0.508406 0.878156 32.7925
0.508406 0.924375 31.7725
0.508406 0.970594 30.4618
0.508406 1.01681 28.844
0.508406 1.06303 26.9025
0.508406 1.10925 24.6229
0.508406 1.15547 21.9958
0.508406 1.20169 19.0208
0.508406 1.24791 15.7105
0.508406 1.29413 12.0943
0.508406 1.34034 8.22143
0.508406 1.38656 4.16124
0.508406 1.43278 0

0.554625 0 0
0.554625 0.0462188 3.51229
0.554625 0.0924375 6.95731
0.554625 0.138656 10.268
0.554625 0.184875 13.3884
0.554625 0.231094 16.2757
0.554625 0.277313 18.9013
0.554625 0.323531 21.249
0.554625 0.36975 23.3129
0.554625 0.415969 25.0945
0.554625 0.462188 26.6002
0.554625 0.508406 27.8391
0.554625 0.554625 28.8209
0.554625 0.600844 29.5548
0.554625 0.647063 30.0481
0.554625 0.693281 30.3059
0.554625 0.7395 30.3304
0.554625 0.785719 30.121
0.554625 0.831937 29.6738
0.554625 0.878156 28.9825
0.554625 0.924375 28.0383
0.554625 0.970594 26.8307
0.554625 1.01681 25.3488
0.554625 1.06303 23.5824
0.554625 1.10925 21.5242
0.554625 1.15547 19.1717
0.554625 1.20169 16.5303
0.554625 1.24791 13.6157
0.554625 1.29413 10.4562
0.554625 1.34034 7.09441
0.554625 1.38656 3.58656
0.554625 1.43278 0

0.600844 0 0
0.600844 0.0462188 3.02116
0.600844 0.0924375 5.99117
0.600844 0.138656 8.85702
0.600844 0.184875 11.573
0.600844 0.231094 14.1027
0.600844 0.277313 16.4197
0.600844 0.323531 18.5069
0.600844 0.36975 20.3553
0.600844 0.415969 21.962
0.600844 0.462188 23.3288
0.600844 0.508406 24.4598
0.600844 0.554625 25.3607
0.600844 0.600844 26.037
0.600844 0.647063 26.4935
0.600844 0.693281 26.7334
0.600844 0.7395 26.758
0.600844 0.785719 26.5667
0.600844 0.831937 26.1566
0.600844 0.878156 25.523
0.600844 0.924375 24.6598
0.600844 0.970594 23.5602
0.600844 1.01681 22.2174
0.600844 1.06303 20.6259
0.600844 1.10925 18.7832
0.600844 1.15547 16.6912
0.600844 1.20169 14.3584
0.600844 1.24791 11.8012
0.600844 1.29413 9.04592
0.600844 1.34034 6.12882
0.600844 1.38656 3.09572
0.600844 1.43278 0

0.647063 0 0
0.647063 0.0462188 2.59854
0.647063 0.0924375 5.15777
0.647063 0.138656 7.63528
0.647063 0.184875 9.99363
0.647063 0.231094 12.2019
0.647063 0.277313 14.2364
0.647063 0.323531 16.0804
0.647063 0.36975 17.7235
0.647063 0.415969 19.1602
0.647063 0.462188 20.3891
0.647063 0.508406 21.4112
0.647063 0.554625 22.229
0.647063 0.600844 22.8454
0.647063 0.647063 23.2631
0.647063 0.693281 23.4839
0.647063 0.7395 23.5083
0.647063 0.785719 23.3358
0.647063 0.831937 22.9642
0.647063 0.878156 22.3903
0.647063 0.924375 21.61
0.647063 0.970594 20.6191
0.647063 1.01681 19.4139
0.647063 1.06303 17.9924
0.647063 1.10925 16.3549
0.647063 1.15547 14.5062
0.647063 1.20169 12.4559
0.647063 1.24791 10.2204
0.647063 1.29413 7.82296
0.647063 1.34034 5.29452
0.647063 1.38656 2.67262
0.647063 1.43278 0

0.693281 0 0
0.693281 0.0462188 2.23237
0.693281 0.0924375 4.43433
0.693281 0.138656 6.57161
0.693281 0.184875 8.61342
0.693281 0.231094 10.5336
0.693281 0.277313 12.3113
0.693281 0.323531 13.9307
0.693281 0.36975 15.3811
0.693281 0.415969 16.6558
0.693281 0.462188 17.7513
0.693281 0.508406 18.6665
0.693281 0.554625 19.4016
0.693281 0.600844 19.9577
0.693281 0.647063 20.3359
0.693281 0.693281 20.537
0.693281 0.7395 20.5611
0.693281 0.785719 20.4075
0.693281 0.831937 20.0746
0.693281 0.878156 19.5602
0.693281 0.924375 18.862
0.693281 0.970594 17.9775
0.693281 1.01681 16.9054
0.693281 1.06303 15.6456
0.693281 1.10925 14.2007
0.693281 1.15547 12.5766
0.693281 1.20169 10.7835
0.693281 1.24791 8.83646
0.693281 1.29413 6.75623
0.693281 1.34034 4.56886
0.693281 1.38656 2.30524
0.693281 1.43278 0

0.7395 0 0
0.7395 0.0462188 1.91913
0.7395 0.0924375 3.81454
0.7395 0.138656 5.65828
0.7395 0.184875 7.4249
0.7395 0.231094 9.09227
0.7395 0.277313 10.6421
0.7395 0.323531 12.0601
0.7395 0.36975 13.3356
0.7395 0.415969 14.4614
0.7395 0.462188 15.433
0.7395 0.508406 16.2476
0.7395 0.554625 16.9043
0.7395 0.600844 17.4028
0.7395 0.647063 17.7429
0.7395 0.693281 17.9247
0.7395 0.7395 17.948
0.7395 0.785719 17.8119
0.7395 0.831937 17.5156
0.7395 0.878156 17.0575
0.7395 0.924375 16.4364
0.7395 0.970594 15.6513
0.7395 1.01681 14.7023
0.7395 1.06303 13.5909
0.7395 1.10925 12.3207
0.7395 1.15547 10.8982
0.7395 1.20169 9.3334
0.7395 1.24791 7.64014
0.7395 1.29413 5.83644
0.7395 1.34034 3.94434
0.7395 1.38656 1.98944
0.7395 1.43278 0

0.785719 0 0
0.785719 0.0462188 1.64567
0.785719 0.0924375 3.27277
0.785719 0.138656 4.85842
0.785719 0.184875 6.38148
0.785719 0.231094 7.82326
0.785719 0.277313 9.16792
0.785719 0.323531 10.4026
0.785719 0.36975 11.5174
0.785719 0.415969 12.5049
0.785719 0.462188 13.3601
0.785719 0.508406 14.0797
0.785719 0.554625 14.6614
0.785719 0.600844 15.1043
0.785719 0.647063 15.4075
0.785719 0.693281 15.5704
0.785719 0.7395 15.5927
0.785719 0.785719 15.4735
0.785719 0.831937 15.2121
0.785719 0.878156 14.8077
0.785719 0.924375 14.26
0.785719 0.970594 13.5688
0.785719 1.01681 12.7351
0.785719 1.06303 11.7613
0.785719 1.10925 10.6516
0.785719 1.15547 9.41259
0.785719 1.20169 8.05361
0.785719 1.24791 6.58708
0.785719 1.29413 5.02859
0.785719 1.34034 3.39676
0.785719 1.38656 1.71283
0.785719 1.43278 0

0.831937 0 0
0.831937 0.0462188 1.40601
0.831937 0.0924375 2.79749
0.831937 0.138656 4.15561
0.831937 0.184875 5.46283
0.831937 0.231094 6.70338
0.831937 0.277313 7.86363
0.831937 0.323531 8.93224
0.831937 0.36975 9.90008
0.831937 0.415969 10.7601
0.831937 0.462188 11.5072
0.831937 0.508406 12.1376
0.831937 0.554625 12.6486
0.831937 0.600844 13.0387
0.831937 0.647063 13.3066
0.831937 0.693281 13.4514
0.831937 0.7395 13.4724
0.831937 0.785719 13.369
0.831937 0.831937 13.1406
0.831937 0.878156 12.787
0.831937 0.924375 12.308
0.831937 0.970594 11.7044
0.831937 1.01681 10.9777
0.831937 1.06303 10.1307
0.831937 1.10925 9.16762
0.831937 1.15547 8.09492
0.831937 1.20169 6.92113
0.831937 1.24791 5.65718
0.831937 1.29413 4.31648
0.831937 1.34034 2.91469
0.831937 1.38656 1.46949
0.831937 1.43278 0

0.878156 0 0
0.878156 0.0462188 1.19522
0.878156 0.0924375 2.37908
0.878156 0.138656 3.53609
0.878156 0.184875 4.65169
0.878156 0.231094 5.71262
0.878156 0.277313 6.70726
0.878156 0.323531 7.62568
0.878156 0.36975 8.45971
0.878156 0.415969 9.20285
0.878156 0.462188 9.85005
0.878156 0.508406 10.3975
0.878156 0.554625 10.8425
0.878156 0.600844 11.183
0.878156 0.647063 11.4175
0.878156 0.693281 11.5449
0.878156 0.7395 11.5646
0.878156 0.785719 11.4758
0.878156 0.831937 11.2783
0.878156 0.878156 10.9718
0.878156 0.924375 10.5569
0.878156 0.970594 10.0345
0.878156 1.01681 9.40628
0.878156 1.06303 8.67529
0.878156 1.10925 7.84574
0.878156 1.15547 6.92349
0.878156 1.20169 5.9162
0.878156 1.24791 4.83339
0.878156 1.29413 3.68647
0.878156 1.34034 2.48864
0.878156 1.38656 1.25456
0.878156 1.43278 0

0.924375 0 0
0.924375 0.0462188 1.00909
0.924375 0.0924375 2.00935
0.924375 0.138656 2.98805
0.924375 0.184875 3.93313
0.924375 0.231094 4.83352
0.924375 0.277313 5.67935
0.924375 0.323531 6.46207
0.924375 0.36975 7.17449
0.924375 0.415969 7.81073
0.924375 0.462188 8.3661
0.924375 0.508406 8.83693
0.924375 0.554625 9.22046
0.924375 0.600844 9.51458
0.924375 0.647063 9.71775
0.924375 0.693281 9.82882
0.924375 0.7395 9.84696
0.924375 0.785719 9.77164
0.924375 0.831937 9.60259
0.924375 0.878156 9.33992
0.924375 0.924375 8.98416
0.924375 0.970594 8.53643
0.924375 1.01681 7.99864
0.924375 1.06303 7.37361
0.924375 1.10925 6.66533
0.924375 1.15547 5.87907
0.924375 1.20169 5.02155
0.924375 1.24791 4.10096
0.924375 1.29413 3.12695
0.924375 1.34034 2.11055
0.924375 1.38656 1.0639
0.924375 1.43278 0

0.970594 0 0
0.970594 0.0462188 0.848558
0.970594 0.0924375 1.69023
0.970594 0.138656 2.51455
0.970594 0.184875 3.31156
0.970594 0.231094 4.07203
0.970594 0.277313 4.78763
0.970594 0.323531 5.45106
0.970594 0.36975 6.05607
0.970594 0.415969 6.59744
0.970594 0.462188 7.0709
0.970594 0.508406 7.47306
0.970594 0.554625 7.80125
0.970594 0.600844 8.05342
0.970594 0.647063 8.22803
0.970594 0.693281 8.32392
0.970594 0.7395 8.34031
0.970594 0.785719 8.27669
0.970594 0.831937 8.13289
0.970594 0.878156 7.90912
0.970594 0.924375 7.60599
0.970594 0.970594 7.2247
0.970594 1.01681 6.7671
0.970594 1.06303 6.23585
0.970594 1.10925 5.63457
0.970594 1.15547 4.96795
0.970594 1.20169 4.24178
0.970594 1.24791 3.46307
0.970594 1.29413 2.63994
0.970594 1.34034 1.78158
0.970594 1.38656 0.898028
0.970594 1.43278 0

1.01681 0 0
1.01681 0.0462188 0.705825
1.01681 0.0924375 1.40632
1.01681 0.138656 2.09294
1.01681 0.184875 2.75751
1.01681 0.231094 3.39242
1.01681 0.277313 3.99073
1.01681 0.323531 4.54628
1.01681 0.36975 5.05374
1.01681 0.415969 5.50856
1.01681 0.462188 5.90699
1.01681 0.508406 6.24596
1.01681 0.554625 6.52304
1.01681 0.600844 6.7363
1.01681 0.647063 6.8843
1.01681 0.693281 6.96593
1.01681 0.7395 6.98046
1.01681 0.785719 6.92745
1.01681 0.831937 6.80679
1.01681 0.878156 6.61871
1.01681 0.924375 6.36386
1.01681 0.970594 6.04339
1.01681 1.01681 5.65902
1.01681 1.06303 5.21317
1.01681 1.10925 4.70902
1.01681 1.15547 4.15063
1.01681 1.20169 3.54295
1.01681 1.24791 2.89185
1.01681 1.29413 2.20412
1.01681 1.34034 1.48731
1.01681 1.38656 0.749686
1.01681 1.43278 0

1.06303 0 0
1.06303 0.0462188 0.578018
1.06303 0.0924375 1.15195
1.06303 0.138656 1.71492
1.06303 0.184875 2.2603
1.06303 0.231094 2.78188
1.06303 0.277313 3.274
1.06303 0.323531 3.73153
1.06303 0.36975 4.15002
1.06303 0.415969 4.52563
1.06303 0.462188 4.85513
1.06303 0.508406 5.13584
1.06303 0.554625 5.36562
1.06303 0.600844 5.54276
1.06303 0.647063 5.66592
1.06303 0.693281 5.73414
1.06303 0.7395 5.74674
1.06303 0.785719 5.70335
1.06303 0.831937 5.60389
1.06303 0.878156 5.4486
1.06303 0.924375 5.2381
1.06303 0.970594 4.97343
1.06303 1.01681 4.65613
1.06303 1.06303 4.2883
1.06303 1.10925 3.87267
1.06303 1.15547 3.41267
1.06303 1.20169 2.91243
1.06303 1.24791 2.3768
1.06303 1.29413 1.81133
1.06303 1.34034 1.22218
1.06303 1.38656 0.616052
1.06303 1.43278 0

1.10925 0 0
1.10925 0.0462188 0.462528
1.10925 0.0924375 0.921986
1.10925 0.138656 1.37293
1.10925 0.184875 1.81012
1.10925 0.231094 2.22861
1.10925 0.277313 2.62384
1.10925 0.323531 2.99169
1.10925 0.36975 3.32853
1.10925 0.415969 3.63121
1.10925 0.462188 3.89703
1.10925 0.508406 4.12377
1.10925 0.554625 4.30959
1.10925 0.600844 4.45303
1.10925 0.647063 4.55296
1.10925 0.693281 4.60852
1.10925 0.7395 4.61913
1.10925 0.785719 4.58449
1.10925 0.831937 4.50453
1.10925 0.878156 4.37949
1.10925 0.924375 4.20991
1.10925 0.970594 3.99669
1.10925 1.01681 3.74114
1.10925 1.06303 3.44501
1.10925 1.10925 3.11059
1.10925 1.15547 2.74065
1.10925 1.20169 2.33857
1.10925 1.24791 1.90826
1.10925 1.29413 1.45414
1.10925 1.34034 0.981145
1.10925 1.38656 0.494564
1.10925 1.43278 0

1.15547 0 0
1.15547 0.0462188 0.356951
1.15547 0.0924375 0.711668
1.15547 0.138656 1.05999
1.15547 0.184875 1.3979
1.15547 0.231094 1.72158
1.15547 0.277313 2.02753
1.15547 0.323531 2.31253
1.15547 0.36975 2.57375
1.15547 0.415969 2.80869
1.15547 0.462188 3.01523
1.15547 0.508406 3.19157
1.15547 0.554625 3.33625
1.15547 0.600844 3.44806
1.15547 0.647063 3.52609
1.15547 0.693281 3.56963
1.15547 0.7395 3.57822
1.15547 0.785719 3.55159
1.15547 0.831937 3.48972
1.15547 0.878156 3.39279
1.15547 0.924375 3.26125
1.15547 0.970594 3.09584
1.15547 1.01681 2.89761
1.15547 1.06303 2.66796
1.15547 1.10925 2.4087
1.15547 1.15547 2.12201
1.15547 1.20169 1.81053
1.15547 1.24791 1.47728
1.15547 1.29413 1.12568
1.15547 1.34034 0.759519
1.15547 1.38656 0.382864
1.15547 1.43278 0

1.20169 0 0
1.20169 0.0462188 0.261477
1.20169 0.0924375 0.521382
1.20169 0.138656 0.77669
1.20169 0.184875 1.02447
1.20169 0.231094 1.26195
1.20169 0.277313 1.48654
1.20169 0.323531 1.6959
1.20169 0.36975 1.88791
1.20169 0.415969 2.06072
1.20169 0.462188 2.21275
1.20169 0.508406 2.34264
1.20169 0.554625 2.44928
1.20169 0.600844 2.53176
1.20169 0.647063 2.58937
1.20169 0.693281 2.62158
1.20169 0.7395 2.62804
1.20169 0.785719 2.60855
1.20169 0.831937 2.56308
1.20169 0.878156 2.49179
1.20169 0.924375 2.39503
1.20169 0.970594 2.27336
1.20169 1.01681 2.12758
1.20169 1.06303 1.95875
1.20169 1.10925 1.76821
1.20169 1.15547 1.55759
1.20169 1.20169 1.32882
1.20169 1.24791 1.08415
1.20169 1.29413 0.826074
1.20169 1.34034 0.557354
1.20169 1.38656 0.280956
1.20169 1.43278 0

1.24791 0 0
1.24791 0.0462188 0.171518
1.24791 0.0924375 0.342033
1.24791 0.138656 0.509571
1.24791 0.184875 0.672221
1.24791 0.231094 0.828164
1.24791 0.277313 0.975705
1.24791 0.323531 1.1133
1.24791 0.36975 1.23954
1.24791 0.415969 1.35323
1.24791 0.462188 1.45328
1.24791 0.508406 1.53881
1.24791 0.554625 1.60906
1.24791 0.600844 1.66342
1.24791 0.647063 1.70142
1.24791 0.693281 1.72269
1.24791 0.7395 1.727
1.24791 0.785719 1.71421
1.24791 0.831937 1.68432
1.24791 0.878156 1.63743
1.24791 0.924375 1.57377
1.24791 0.970594 1.49373
1.24791 1.01681 1.39784
1.24791 1.06303 1.28681
1.24791 1.10925 1.16154
1.24791 1.15547 1.0231
1.24791 1.20169 0.87278
1.24791 1.24791 0.712036
1.24791 1.29413 0.542517
1.24791 1.34034 0.36603
1.24791 1.38656 0.184512
1.24791 1.43278 0

1.29413 0 0
1.29413 0.0462188 0.0850231
1.29413 0.0924375 0.169556
1.29413 0.138656 0.252625
1.29413 0.184875 0.333283
1.29413 0.231094 0.410632
1.29413 0.277313 0.483829
1.29413 0.323531 0.552108
1.29413 0.36975 0.614775
1.29413 0.415969 0.671219
1.29413 0.462188 0.72091
1.29413 0.508406 0.763397
1.29413 0.554625 0.798303
1.29413 0.600844 0.825322
1.29413 0.647063 0.844213
1.29413 0.693281 0.854796
1.29413 0.7395 0.856948
1.29413 0.785719 0.850607
1.29413 0.831937 0.835765
1.29413 0.878156 0.812477
1.29413 0.924375 0.780863
1.29413 0.970594 0.741116
1.29413 1.01681 0.693507
1.29413 1.06303 0.638389
1.29413 1.10925 0.57621
1.29413 1.15547 0.507509
1.29413 1.20169 0.43292
1.29413 1.24791 0.353173
1.29413 1.29413 0.269083
1.29413 1.34034 0.181544
1.29413 1.38656 0.091514
1.29413 1.43278 0

1.34034 0 0
1.34034 0.0462188 0
1.34034 0.0924375 0
1.34034 0.138656 0
1.34034 0.184875 0
1.34034 0.231094 0
1.34034 0.277313 0
1.34034 0.323531 0
1.34034 0.36975 0
1.34034 0.415969 0
1.34034 0.462188 0
1.34034 0.508406 0
1.34034 0.554625 0
1.34034 0.600844 0
1.34034 0.647063 0
1.34034 0.693281 0
1.34034 0.7395 0
1.34034 0.785719 0
1.34034 0.831937 0
1.34034 0.878156 0
1.34034 0.924375 0
1.34034 0.970594 0
1.34034 1.01681 0
1.34034 1.06303 0
1.34034 1.10925 0
1.34034 1.15547 0
1.34034 1.20169 0
1.34034 1.24791 0
1.34034 1.29413 0
1.34034 1.34034 0
1.34034 1.38656 0
1.34034 1.43278 0

