0 0 100
0 0.0462188 100
0 0.0924375 100
0 0.138656 100
0 0.184875 100
0 0.231094 100
0 0.277313 100
0 0.323531 100
0 0.36975 100
0 0.415969 100
0 0.462188 100
0 0.508406 100
0 0.554625 100
0 0.600844 100
0 0.647063 100
0 0.693281 100
0 0.7395 100
0 0.785719 100
0 0.831937 100
0 0.878156 100
0 0.924375 100
0 0.970594 100
0 1.01681 100
0 1.06303 100
0 1.10925 100
0 1.15547 100
0 1.20169 100
0 1.24791 100
0 1.29413 100
0 1.34034 100
0 1.38656 100
0 1.43278 0

0.0462188 0 100
0.0462188 0.0462188 99.6199
0.0462188 0.0924375 99.2431
0.0462188 0.138656 98.8714
0.0462188 0.184875 98.5063
0.0462188 0.231094 98.1492
0.0462188 0.277313 97.801
0.0462188 0.323531 97.4624
0.0462188 0.36975 97.1338
0.0462188 0.415969 96.8148
0.0462188 0.462188 96.5049
0.0462188 0.508406 96.2027
0.0462188 0.554625 95.9065
0.0462188 0.600844 95.6135
0.0462188 0.647063 95.3202
0.0462188 0.693281 95.0223
0.0462188 0.7395 94.7137
0.0462188 0.785719 94.3872
0.0462188 0.831937 94.0329
0.0462188 0.878156 93.6382
0.0462188 0.924375 93.186
0.0462188 0.970594 92.6528
0.0462188 1.01681 92.0052
0.0462188 1.06303 91.1937
0.0462188 1.10925 90.1417
0.0462188 1.15547 88.7229
0.0462188 1.20169 86.7142
0.0462188 1.24791 83.6849
0.0462188 1.29413 78.7081
0.0462188 1.34034 69.5285
0.0462188 1.38656 49.8814
0.0462188 1.43278 0

0.0924375 0 100
0.0924375 0.0462188 99.2424
0.0924375 0.0924375 98.4915
0.0924375 0.138656 97.7508
0.0924375 0.184875 97.0232
0.0924375 0.231094 96.3116
0.0924375 0.277313 95.6178
0.0924375 0.323531 94.9434
0.0924375 0.36975 94.2888
0.0924375 0.415969 93.6537
0.0924375 0.462188 93.0369
0.0924375 0.508406 92.4358
0.0924375 0.554625 91.8468
0.0924375 0.600844 91.2647
0.0924375 0.647063 90.6829
0.0924375 0.693281 90.0924
0.0924375 0.7395 89.4822
0.0924375 0.785719 88.8377
0.0924375 0.831937 88.1405
0.0924375 0.878156 87.3665
0.0924375 0.924375 86.4836
0.0924375 0.970594 85.4485
0.0924375 1.01681 84.2003
0.0924375 1.06303 82.6515
0.0924375 1.10925 80.6708
0.0924375 1.15547 78.0533
0.0924375 1.20169 74.4639
0.0924375 1.24791 69.3287
0.0924375 1.29413 61.6276
0.0924375 1.34034 49.5297
0.0924375 1.38656 29.9991
0.0924375 1.43278 0

0.138656 0 100
0.138656 0.0462188 98.8687
0.138656 0.0924375 97.7474
0.138656 0.138656 96.6413
0.138656 0.184875 95.555
0.138656 0.231094 94.4928
0.138656 0.277313 93.4575
0.138656 0.323531 92.4514
0.138656 0.36975 91.4754
0.138656 0.415969 90.5291
0.138656 0.462188 89.6106
0.138656 0.508406 88.7164
0.138656 0.554625 87.8412
0.138656 0.600844 86.9777
0.138656 0.647063 86.116
0.138656 0.693281 85.2438
0.138656 0.7395 84.345
0.138656 0.785719 83.3993
0.138656 0.831937 82.381
0.138656 0.878156 81.257
0.138656 0.924375 79.9837
0.138656 0.970594 78.5037
0.138656 1.01681 76.7385
0.138656 1.06303 74.5792
0.138656 1.10925 71.8704
0.138656 1.15547 68.3846
0.138656 1.20169 63.7832
0.138656 1.24791 57.5573
0.138656 1.29413 48.9576
0.138656 1.34034 36.972
0.138656 1.38656 20.5885
0.138656 1.43278 0

0.184875 0 100
0.184875 0.0462188 98.4996
0.184875 0.0924375 97.0124
0.184875 0.138656 95.5456
0.184875 0.184875 94.1056
0.184875 0.231094 92.6977
0.184875 0.277313 91.3262
0.184875 0.323531 89.9942
0.184875 0.36975 88.7029
0.184875 0.415969 87.452
0.184875 0.462188 86.2391
0.184875 0.508406 85.06
0.184875 0.554625 83.908
0.184875 0.600844 82.7737
0.184875 0.647063 81.6449
0.184875 0.693281 80.506
0.184875 0.7395 79.3373
0.184875 0.785719 78.1138
0.184875 0.831937 76.8045
0.184875 0.878156 75.3698
0.184875 0.924375 73.7594
0.184875 0.970594 71.9077
0.184875 1.01681 69.7291
0.184875 1.06303 67.109
0.184875 1.10925 63.8929
0.184875 1.15547 59.871
0.184875 1.20169 54.7597
0.184875 1.24791 48.1853
0.184875 1.29413 39.6919
0.184875 1.34034 28.8236
0.184875 1.38656 15.3871
0.184875 1.43278 0

0.231094 0 100
0.231094 0.0462188 98.1357
0.231094 0.0924375 96.288
0.231094 0.138656 94.4659
0.231094 0.184875 92.6776
0.231094 0.231094 90.9301
0.231094 0.277313 89.2289
0.231094 0.323531 87.5778
0.231094 0.36975 85.9788
0.231094 0.415969 84.4316
0.231094 0.462188 82.9336
0.231094 0.508406 81.48
0.231094 0.554625 80.0627
0.231094 0.600844 78.6711
0.231094 0.647063 77.291
0.231094 0.693281 75.9042
0.231094 0.7395 74.4882
0.231094 0.785719 73.0151
0.231094 0.831937 71.4502
0.231094 0.878156 69.7506
0.231094 0.924375 67.8626
0.231094 0.970594 65.719
0.231094 1.01681 63.2344
0.231094 1.06303 60.3004
0.231094 1.10925 56.779
0.231094 1.15547 52.4965
0.231094 1.20169 47.24
0.231094 1.24791 40.7644
0.231094 1.29413 32.8244
0.231094 1.34034 23.2574
0.231094 1.38656 12.1412
0.231094 1.43278 0

0.277313 0 100
0.277313 0.0462188 97.7832
0.277313 0.0924375 95.5862
0.277313 0.138656 93.4201
0.277313 0.184875 91.2949
0.277313 0.231094 89.2192
0.277313 0.277313 87.1997
0.277313 0.323531 85.2415
0.277313 0.36975 83.3468
0.277313 0.415969 81.516
0.277313 0.462188 79.7461
0.277313 0.508406 78.0318
0.277313 0.554625 76.3645
0.277313 0.600844 74.732
0.277313 0.647063 73.1189
0.277313 0.693281 71.5053
0.277313 0.7395 69.8669
0.277313 0.785719 68.1739
0.277313 0.831937 66.39
0.277313 0.878156 64.4712
0.277313 0.924375 62.3641
0.277313 0.970594 60.0035
0.277313 1.01681 57.3102
0.277313 1.06303 54.1882
0.277313 1.10925 50.5224
0.277313 1.15547 46.1787
0.277313 1.20169 41.0082
0.277313 1.24791 34.862
0.277313 1.29413 27.6233
0.277313 1.34034 19.2651
0.277313 1.38656 9.93009
0.277313 1.43278 0

0.323531 0 100
0.323531 0.0462188 97.4362
0.323531 0.0924375 94.8955
0.323531 0.138656 92.3913
0.323531 0.184875 89.9355
0.323531 0.231094 87.5385
0.323531 0.277313 85.2086
0.323531 0.323531 82.9518
0.323531 0.36975 80.7712
0.323531 0.415969 78.6674
0.323531 0.462188 76.6377
0.323531 0.508406 74.6764
0.323531 0.554625 72.7741
0.323531 0.600844 70.9181
0.323531 0.647063 69.0918
0.323531 0.693281 67.2744
0.323531 0.7395 65.4405
0.323531 0.785719 63.5597
0.323531 0.831937 61.5954
0.323531 0.878156 59.5045
0.323531 0.924375 57.2357
0.323531 0.970594 54.7289
0.323531 1.01681 51.9135
0.323531 1.06303 48.7084
0.323531 1.10925 45.0217
0.323531 1.15547 40.7544
0.323531 1.20169 35.8072
0.323531 1.24791 30.0953
0.323531 1.29413 23.5729
0.323531 1.34034 16.2682
0.323531 1.38656 8.32065
0.323531 1.43278 0

0.36975 0 100
0.36975 0.0462188 97.0942
0.36975 0.0924375 94.2151
0.36975 0.138656 91.3783
0.36975 0.184875 88.5982
0.36975 0.231094 85.887
0.36975 0.277313 83.2546
0.36975 0.323531 80.7082
0.36975 0.36975 78.252
0.36975 0.415969 75.8869
0.36975 0.462188 73.6104
0.36975 0.508406 71.4165
0.36975 0.554625 69.2957
0.36975 0.600844 67.2347
0.36975 0.647063 65.2161
0.36975 0.693281 63.2187
0.36975 0.7395 61.2168
0.36975 0.785719 59.18
0.36975 0.831937 57.0726
0.36975 0.878156 54.8534
0.36975 0.924375 52.4748
0.36975 0.970594 49.8826
0.36975 1.01681 47.0161
0.36975 1.06303 43.8083
0.36975 1.10925 40.1881
0.36975 1.15547 36.084
0.36975 1.20169 31.432
0.36975 1.24791 26.1869
0.36975 1.29413 20.3393
0.36975 1.34034 13.9349
0.36975 1.38656 7.09142
0.36975 1.43278 0

0.415969 0 100
0.415969 0.0462188 96.7564
0.415969 0.0924375 93.5431
0.415969 0.138656 90.3787
0.415969 0.184875 87.2798
0.415969 0.231094 84.261
0.415969 0.277313 81.3341
0.415969 0.323531 78.5075
0.415969 0.36975 75.7864
0.415969 0.415969 73.1722
0.415969 0.462188 70.6627
0.415969 0.508406 68.2518
0.415969 0.554625 65.9297
0.415969 0.600844 63.6828
0.415969 0.647063 61.4934
0.415969 0.693281 59.34
0.415969 0.7395 57.1971
0.415969 0.785719 55.0349
0.415969 0.831937 52.8192
0.415969 0.878156 50.5113
0.415969 0.924375 48.0678
0.415969 0.970594 45.4409
0.415969 1.01681 42.5789
0.415969 1.06303 39.4275
0.415969 1.10925 35.932
0.415969 1.15547 32.0418
0.415969 1.20169 27.7161
0.415969 1.24791 22.9329
0.415969 1.29413 17.6996
0.415969 1.34034 12.0633
0.415969 1.38656 6.11774
0.415969 1.43278 0

0.462188 0 100
0.462188 0.0462188 96.4211
0.462188 0.0924375 92.8766
0.462188 0.138656 89.3881
0.462188 0.184875 85.9752
0.462188 0.231094 82.6549
0.462188 0.277313 79.441
0.462188 0.323531 76.3434
0.462188 0.36975 73.3682
0.462188 0.415969 70.5176
0.462188 0.462188 67.7895
0.462188 0.508406 65.1777
0.462188 0.554625 62.6723
0.462188 0.600844 60.2591
0.462188 0.647063 57.9205
0.462188 0.693281 55.6349
0.462188 0.7395 53.3772
0.462188 0.785719 51.1184
0.462188 0.831937 48.8261
0.462188 0.878156 46.4643
0.462188 0.924375 43.994
0.462188 0.970594 41.3731
0.462188 1.01681 38.5579
0.462188 1.06303 35.5045
0.462188 1.10925 32.1708
0.462188 1.15547 28.5207
0.462188 1.20169 24.5283
0.462188 1.24791 20.1844
0.462188 1.29413 15.5026
0.462188 1.34034 10.525
0.462188 1.38656 5.32432
0.462188 1.43278 0

0.508406 0 100
0.508406 0.0462188 96.097
0.508406 0.0924375 92.2324
0.508406 0.138656 88.4317
0.508406 0.184875 84.7175
0.508406 0.231094 81.1095
0.508406 0.277313 77.6236
0.508406 0.323531 74.2713
0.508406 0.36975 71.0596
0.508406 0.415969 67.991
0.508406 0.462188 65.0636
0.508406 0.508406 62.2711
0.508406 0.554625 59.6031
0.508406 0.600844 57.0452
0.508406 0.647063 54.5795
0.508406 0.693281 52.1846
0.508406 0.7395 49.8356
0.508406 0.785719 47.5049
0.508406 0.831937 45.1616
0.508406 0.878156 42.7727
0.508406 0.924375 40.3027
0.508406 0.970594 37.715
0.508406 1.01681 34.9724
0.508406 1.06303 32.0392
0.508406 1.10925 28.8826
0.508406 1.15547 25.4764
0.508406 1.20169 21.8038
0.508406 1.24791 17.8621
0.508406 1.29413 13.6658
0.508406 1.34034 9.25013
0.508406 1.38656 4.6706
0.508406 1.43278 0

0.554625 0 100
0.554625 0.0462188 95.7699
0.554625 0.0924375 91.5831
0.554625 0.138656 87.4691
0.554625 0.184875 83.4546
0.554625 0.231094 79.5622
0.554625 0.277313 75.8101
0.554625 0.323531 72.2114
0.554625 0.36975 68.774
0.554625 0.415969 65.5006
0.554625 0.462188 62.3892
0.554625 0.508406 59.4331
0.554625 0.554625 56.6212
0.554625 0.600844 53.9389
0.554625 0.647063 51.3677
0.554625 0.693281 48.8862
0.554625 0.7395 46.47
0.554625 0.785719 44.0922
0.554625 0.831937 41.7237
0.554625 0.878156 39.3338
0.554625 0.924375 36.8903
0.554625 0.970594 34.361
0.554625 1.01681 31.7141
0.554625 1.06303 28.9196
0.554625 1.10925 25.9518
0.554625 1.15547 22.7905
0.554625 1.20169 19.4245
0.554625 1.24791 15.8537
0.554625 1.29413 12.0911
0.554625 1.34034 8.16473
0.554625 1.38656 4.11656
0.554625 1.43278 0

0.600844 0 100
0.600844 0.0462188 95.4357
0.600844 0.0924375 90.9205
0.600844 0.138656 86.489
0.600844 0.184875 82.1724
0.600844 0.231094 77.9968
0.600844 0.277313 73.9831
0.600844 0.323531 70.1457
0.600844 0.36975 66.4933
0.600844 0.415969 63.0286
0.600844 0.462188 59.749
0.600844 0.508406 56.6471
0.600844 0.554625 53.7108
0.600844 0.600844 50.9247
0.600844 0.647063 48.2696
0.600844 0.693281 45.7239
0.600844 0.7395 43.2633
0.600844 0.785719 40.8617
0.600844 0.831937 38.4911
0.600844 0.878156 36.1229
0.600844 0.924375 33.7278
0.600844 0.970594 31.2766
0.600844 1.01681 28.7418
0.600844 1.06303 26.098
0.600844 1.10925 23.3236
0.600844 1.15547 20.403
0.600844 1.20169 17.3274
0.600844 1.24791 14.0974
0.600844 1.29413 10.7235
0.600844 1.34034 7.22715
0.600844 1.38656 3.63962
0.600844 1.43278 0

0.647063 0 100
0.647063 0.0462188 95.089
0.647063 0.0924375 90.2341
0.647063 0.138656 85.4764
0.647063 0.184875 80.8525
0.647063 0.231094 76.3927
0.647063 0.277313 72.1203
0.647063 0.323531 68.0515
0.647063 0.36975 64.195
0.647063 0.415969 60.5531
0.647063 0.462188 57.122
0.647063 0.508406 53.8929
0.647063 0.554625 50.8525
0.647063 0.600844 47.9838
0.647063 0.647063 45.2668
0.647063 0.693281 42.6791
0.647063 0.7395 40.1963
0.647063 0.785719 37.7926
0.647063 0.831937 35.4412
0.647063 0.878156 33.1148
0.647063 0.924375 30.7861
0.647063 0.970594 28.4288
0.647063 1.01681 26.0181
0.647063 1.06303 23.532
0.647063 1.10925 20.9519
0.647063 1.15547 18.2645
0.647063 1.20169 15.4625
0.647063 1.24791 12.5457
0.647063 1.29413 9.52194
0.647063 1.34034 6.40691
0.647063 1.38656 3.22348
0.647063 1.43278 0

0.693281 0 100
0.693281 0.0462188 94.7227
0.693281 0.0924375 89.5104
0.693281 0.138656 84.4123
0.693281 0.184875 79.4717
0.693281 0.231094 74.7237
0.693281 0.277313 70.1943
0.693281 0.323531 65.9008
0.693281 0.36975 61.8516
0.693281 0.415969 58.0476
0.693281 0.462188 54.4831
0.693281 0.508406 51.147
0.693281 0.554625 48.0239
0.693281 0.600844 45.0949
0.693281 0.647063 42.3385
0.693281 0.693281 39.7312
0.693281 0.7395 37.2481
0.693281 0.785719 34.8633
0.693281 0.831937 32.5506
0.693281 0.878156 30.2838
0.693281 0.924375 28.0372
0.693281 0.970594 25.7865
0.693281 1.01681 23.5089
0.693281 1.06303 21.1847
0.693281 1.10925 18.7972
0.693281 1.15547 16.3346
0.693281 1.20169 13.7897
0.693281 1.24791 11.1615
0.693281 1.29413 8.45499
0.693281 1.34034 5.68109
0.693281 1.38656 2.85603
0.693281 1.43278 0

0.7395 0 100
0.7395 0.0462188 94.3396
0.7395 0.0924375 88.7554
0.7395 0.138656 83.3073
0.7395 0.184875 78.0464
0.7395 0.231094 73.0132
0.7395 0.277313 68.2366
0.7395 0.323531 63.7337
0.7395 0.36975 59.5116
0.7395 0.415969 55.5686
0.7395 0.462188 51.8959
0.7395 0.508406 48.479
0.7395 0.554625 45.2994
0.7395 0.600844 42.3356
0.7395 0.647063 39.5639
0.7395 0.693281 36.9595
0.7395 0.7395 34.4963
0.7395 0.785719 32.1484
0.7395 0.831937 29.8897
0.7395 0.878156 27.6948
0.7395 0.924375 25.5392
0.7395 0.970594 23.4
0.7395 1.01681 21.2561
0.7395 1.06303 19.0893
0.7395 1.10925 16.8843
0.7395 1.15547 14.63
0.7395 1.20169 12.3192
0.7395 1.24791 9.94971
0.7395 1.29413 7.52407
0.7395 1.34034 5.04938
0.7395 1.38656 2.53668
0.7395 1.43278 0

0.785719 0 100
0.785719 0.0462188 93.9149
0.785719 0.0924375 87.9215
0.785719 0.138656 82.0932
0.785719 0.184875 76.4915
0.785719 0.231094 71.1629
0.785719 0.277313 66.1382
0.785719 0.323531 61.4338
0.785719 0.36975 57.0536
0.785719 0.415969 52.9913
0.785719 0.462188 49.2333
0.785719 0.508406 45.7606
0.785719 0.554625 42.5504
0.785719 0.600844 39.5776
0.785719 0.647063 36.8158
0.785719 0.693281 34.2381
0.785719 0.7395 31.8173
0.785719 0.785719 29.5266
0.785719 0.831937 27.3401
0.785719 0.878156 25.2328
0.785719 0.924375 23.1809
0.785719 0.970594 21.1627
0.785719 1.01681 19.1583
0.785719 1.06303 17.1505
0.785719 1.10925 15.1249
0.785719 1.15547 13.0708
0.785719 1.20169 10.9808
0.785719 1.24791 8.85149
0.785719 1.29413 6.68333
0.785719 1.34034 4.48029
0.785719 1.38656 2.24942
0.785719 1.43278 0

0.831937 0 100
0.831937 0.0462188 93.4318
0.831937 0.0924375 86.9769
0.831937 0.138656 80.7273
0.831937 0.184875 74.7574
0.831937 0.231094 69.1201
0.831937 0.277313 63.8472
0.831937 0.323531 58.9517
0.831937 0.36975 54.4317
0.831937 0.415969 50.2742
0.831937 0.462188 46.4584
0.831937 0.508406 42.9588
0.831937 0.554625 39.7471
0.831937 0.600844 36.7939
0.831937 0.647063 34.0691
0.831937 0.693281 31.5434
0.831937 0.7395 29.1879
0.831937 0.785719 26.9752
0.831937 0.831937 24.8789
0.831937 0.878156 22.8743
0.831937 0.924375 20.9384
0.831937 0.970594 19.05
0.831937 1.01681 17.1902
0.831937 1.06303 15.3428
0.831937 1.10925 13.4939
0.831937 1.15547 11.6328
0.831937 1.20169 9.75203
0.831937 1.24791 7.84713
0.831937 1.29413 5.9168
0.831937 1.34034 3.9626
0.831937 1.38656 1.98844
0.831937 1.43278 0

0.878156 0 100
0.878156 0.0462188 92.8671
0.878156 0.0924375 85.8787
0.878156 0.138656 79.1527
0.878156 0.184875 72.7796
0.878156 0.231094 66.8187
0.878156 0.277313 61.2997
0.878156 0.323531 56.2286
0.878156 0.36975 51.5936
0.878156 0.415969 47.3712
0.878156 0.462188 43.531
0.878156 0.508406 40.0387
0.878156 0.554625 36.8591
0.878156 0.600844 33.9572
0.878156 0.647063 31.299
0.878156 0.693281 28.8522
0.878156 0.7395 26.5863
0.878156 0.785719 24.4727
0.878156 0.831937 22.4848
0.878156 0.878156 20.598
0.878156 0.924375 18.7898
0.878156 0.970594 17.0397
0.878156 1.01681 15.3297
0.878156 1.06303 13.6439
0.878156 1.10925 11.9693
0.878156 1.15547 10.2953
0.878156 1.20169 8.61399
0.878156 1.24791 6.92023
0.878156 1.29413 5.21139
0.878156 1.34034 3.48714
0.878156 1.38656 1.74903
0.878156 1.43278 0

0.924375 0 100
0.924375 0.0462188 92.1875
0.924375 0.0924375 84.5665
0.924375 0.138656 77.2917
0.924375 0.184875 70.4732
0.924375 0.231094 64.1743
0.924375 0.277313 58.4176
0.924375 0.323531 53.1952
0.924375 0.36975 48.4797
0.924375 0.415969 44.2322
0.924375 0.462188 40.409
0.924375 0.508406 36.9648
0.924375 0.554625 33.856
0.924375 0.600844 31.0412
0.924375 0.647063 28.482
0.924375 0.693281 26.143
0.924375 0.7395 23.9919
0.924375 0.785719 21.9993
0.924375 0.831937 20.1382
0.924375 0.878156 18.3843
0.924375 0.924375 16.7155
0.924375 0.970594 15.1121
0.924375 1.01681 13.5568
0.924375 1.06303 12.0345
0.924375 1.10925 10.5326
0.924375 1.15547 9.04065
0.924375 1.20169 7.55072
0.924375 1.24791 6.05711
0.924375 1.29413 4.55623
0.924375 1.34034 3.04636
0.924375 1.38656 1.52731
0.924375 1.43278 0

0.970594 0 100
0.970594 0.0462188 91.3538
0.970594 0.0924375 82.9732
0.970594 0.138656 75.0652
0.970594 0.184875 67.7627
0.970594 0.231094 61.1263
0.970594 0.277313 55.1603
0.970594 0.323531 49.8329
0.970594 0.36975 45.0918
0.970594 0.415969 40.8768
0.970594 0.462188 37.1266
0.970594 0.508406 33.7828
0.970594 0.554625 30.7919
0.970594 0.600844 28.1057
0.970594 0.647063 25.6813
0.970594 0.693281 23.4806
0.970594 0.7395 21.4697
0.970594 0.785719 19.6184
0.970594 0.831937 17.9
0.970594 0.878156 16.2904
0.970594 0.924375 14.7686
0.970594 0.970594 13.3156
0.970594 1.01681 11.915
0.970594 1.06303 10.5525
0.970594 1.10925 9.21619
0.970594 1.15547 7.89606
0.970594 1.20169 6.58428
0.970594 1.24791 5.27492
0.970594 1.29413 3.96383
0.970594 1.34034 2.6484
0.970594 1.38656 1.32728
0.970594 1.43278 0

1.01681 0 100
1.01681 0.0462188 90.2793
1.01681 0.0924375 80.9475
1.01681 0.138656 72.2884
1.01681 0.184875 64.4554
1.01681 0.231094 57.4898
1.01681 0.277313 51.3585
1.01681 0.323531 45.9884
1.01681 0.36975 41.2911
1.01681 0.415969 37.1776
1.01681 0.462188 33.5649
1.01681 0.508406 30.3795
1.01681 0.554625 27.5577
1.01681 0.600844 25.0445
1.01681 0.647063 22.7932
1.01681 0.693281 20.7632
1.01681 0.7395 18.9198
1.01681 0.785719 17.2328
1.01681 0.831937 15.6758
1.01681 0.878156 14.2258
1.01681 0.924375 12.8625
1.01681 0.970594 11.5683
1.01681 1.01681 10.3277
1.01681 1.06303 9.12759
1.01681 1.10925 7.95667
1.01681 1.15547 6.80563
1.01681 1.20169 5.66694
1.01681 1.24791 4.53469
1.01681 1.29413 3.40452
1.01681 1.34034 2.27328
1.01681 1.38656 1.13889
1.01681 1.43278 0

1.06303 0 100
1.06303 0.0462188 88.8379
1.06303 0.0924375 78.2846
1.06303 0.138656 68.7341
1.06303 0.184875 60.3416
1.06303 0.231094 53.0915
1.06303 0.277313 46.8782
1.06303 0.323531 41.563
1.06303 0.36975 37.0068
1.06303 0.415969 33.0841
1.06303 0.462188 29.6878
1.06303 0.508406 26.7286
1.06303 0.554625 24.1334
1.06303 0.600844 21.8416
1.06303 0.647063 19.8037
1.06303 0.693281 17.978
1.06303 0.7395 16.33
1.06303 0.785719 14.8301
1.06303 0.831937 13.4531
1.06303 0.878156 12.1774
1.06303 0.924375 10.984
1.06303 0.970594 9.85683
1.06303 1.01681 8.78178
1.06303 1.06303 7.74682
1.06303 1.10925 6.74173
1.06303 1.15547 5.75797
1.06303 1.20169 4.78855
1.06303 1.24791 3.82787
1.06303 1.29413 2.87158
1.06303 1.34034 1.91638
1.06303 1.38656 0.959804
1.06303 1.43278 0

1.10925 0 100
1.10925 0.0462188 86.8065
1.10925 0.0924375 74.6495
1.10925 0.138656 64.0639
1.10925 0.184875 55.1379
1.10925 0.231094 47.7188
1.10925 0.277313 41.5709
1.10925 0.323531 36.4578
1.10925 0.36975 32.1749
1.10925 0.415969 28.556
1.10925 0.462188 25.4698
1.10925 0.508406 22.8137
1.10925 0.554625 20.5076
1.10925 0.600844 18.4881
1.10925 0.647063 16.705
1.10925 0.693281 15.1175
1.10925 0.7395 13.6923
1.10925 0.785719 12.4017
1.10925 0.831937 11.2226
1.10925 0.878156 10.1351
1.10925 0.924375 9.12247
1.10925 0.970594 8.17025
1.10925 1.01681 7.26604
1.10925 1.06303 6.39923
1.10925 1.10925 5.56084
1.10925 1.15547 4.74332
1.10925 1.20169 3.94043
1.10925 1.24791 3.1471
1.10925 1.29413 2.35927
1.10925 1.34034 1.57374
1.10925 1.38656 0.788
1.10925 1.43278 0

1.15547 0 100
1.15547 0.0462188 83.7543
1.15547 0.0924375 69.4685
1.15547 0.138656 57.769
1.15547 0.184875 48.4711
1.15547 0.231094 41.1268
1.15547 0.277313 35.2879
1.15547 0.323531 30.5882
1.15547 0.36975 26.7506
1.15547 0.415969 23.5715
1.15547 0.462188 20.9017
1.15547 0.508406 18.6318
1.15547 0.554625 16.6799
1.15547 0.600844 14.9841
1.15547 0.647063 13.4966
1.15547 0.693281 12.1796
1.15547 0.7395 11.0031
1.15547 0.785719 9.94261
1.15547 0.831937 8.97773
1.15547 0.878156 8.0915
1.15547 0.924375 7.26953
1.15547 0.970594 6.49958
1.15547 1.01681 5.77122
1.15547 1.06303 5.07555
1.15547 1.10925 4.40502
1.15547 1.15547 3.75329
1.15547 1.20169 3.11508
1.15547 1.24791 2.48604
1.15547 1.29413 1.86262
1.15547 1.34034 1.24197
1.15547 1.38656 0.621747
1.15547 1.43278 0

1.20169 0 100
1.20169 0.0462188 78.7603
1.20169 0.0924375 61.7327
1.20169 0.138656 49.1167
1.20169 0.184875 39.9066
1.20169 0.231094 33.0965
1.20169 0.277313 27.943
1.20169 0.323531 23.9428
1.20169 0.36975 20.762
1.20169 0.415969 18.1782
1.20169 0.462188 16.04
1.20169 0.508406 14.2421
1.20169 0.554625 12.7092
1.20169 0.600844 11.3864
1.20169 0.647063 10.2323
1.20169 0.693281 9.21514
1.20169 0.7395 8.30991
1.20169 0.785719 7.49662
1.20169 0.831937 6.75891
1.20169 0.878156 6.08324
1.20169 0.924375 5.45826
1.20169 0.970594 4.87436
1.20169 1.01681 4.32342
1.20169 1.06303 3.7985
1.20169 1.10925 3.29376
1.20169 1.15547 2.80426
1.20169 1.20169 2.32587
1.20169 1.24791 1.85517
1.20169 1.29413 1.38937
1.20169 1.34034 0.926133
1.20169 1.38656 0.463558
1.20169 1.43278 0

1.24791 0 100
1.24791 0.0462188 69.5633
1.24791 0.0924375 49.5999
1.24791 0.138656 37.0783
1.24791 0.184875 28.9669
1.24791 0.231094 23.4391
1.24791 0.277313 19.4784
1.24791 0.323531 16.5149
1.24791 0.36975 14.2169
1.24791 0.415969 12.3825
1.24791 0.462188 10.8832
1.24791 0.508406 9.63403
1.24791 0.554625 8.57631
1.24791 0.600844 7.66834
1.24791 0.647063 6.87945
1.24791 0.693281 6.1865
1.24791 0.7395 5.57156
1.24791 0.785719 5.02042
1.24791 0.831937 4.52158
1.24791 0.878156 4.06561
1.24791 0.924375 3.64464
1.24791 0.970594 3.25206
1.24791 1.01681 2.8823
1.24791 1.06303 2.5306
1.24791 1.10925 2.19298
1.24791 1.15547 1.86605
1.24791 1.20169 1.54699
1.24791 1.24791 1.23345
1.24791 1.29413 0.92347
1.24791 1.34034 0.615443
1.24791 1.38656 0.308011
1.24791 1.43278 0

1.29413 0 100
1.29413 0.0462188 49.8988
1.29413 0.0924375 30.0343
1.29413 0.138656 20.6418
1.29413 0.184875 15.4589
1.29413 0.231094 12.2322
1.29413 0.277313 10.0369
1.29413 0.323531 8.44418
1.29413 0.36975 7.23255
1.29413 0.415969 6.27743
1.29413 0.462188 5.50352
1.29413 0.508406 4.86261
1.29413 0.554625 4.32237
1.29413 0.600844 3.86016
1.29413 0.647063 3.45962
1.29413 0.693281 3.10853
1.29413 0.7395 2.79748
1.29413 0.785719 2.5191
1.29413 0.831937 2.26746
1.29413 0.878156 2.03769
1.29413 0.924375 1.82579
1.29413 0.970594 1.62839
1.29413 1.01681 1.44263
1.29413 1.06303 1.26611
1.29413 1.10925 1.09681
1.29413 1.15547 0.933015
1.29413 1.20169 0.773283
1.29413 1.24791 0.616418
1.29413 1.29413 0.461427
1.29413 1.34034 0.307478
1.29413 1.38656 0.153872
1.29413 1.43278 0

1.34034 0 100
1.34034 0.0462188 0
1.34034 0.0924375 0
1.34034 0.138656 0
1.34034 0.184875 0
1.34034 0.231094 0
1.34034 0.277313 0
1.34034 0.323531 0
1.34034 0.36975 0
1.34034 0.415969 0
1.34034 0.462188 0
1.34034 0.508406 0
1.34034 0.554625 0
1.34034 0.600844 0
1.34034 0.647063 0
1.34034 0.693281 0
1.34034 0.7395 0
1.34034 0.785719 0
1.34034 0.831937 0
1.34034 0.878156 0
1.34034 0.924375 0
1.34034 0.970594 0
1.34034 1.01681 0
1.34034 1.06303 0
1.34034 1.10925 0
1.34034 1.15547 0
1.34034 1.20169 0
1.34034 1.24791 0
1.34034 1.29413 0
1.34034 1.34034 0
1.34034 1.38656 0
1.34034 1.43278 0

