1  G :    0.0 
  :    0.0 
G :    0.0 
0 0 0

2  G :    0.0    0.0 
  :    0.0    0.0 
  :    0.0    0.0 
G :    0.0    0.0 
0 0 0
0 0.7395 0

0.7395 0 0
0.7395 0.7395 0

4  G :    0.0    0.0    0.0    0.0 
  :    0.0  100.0  100.0    0.0 
  :    0.0   50.0   50.0    0.0 
  :    0.0   50.0   50.0    0.0 
  :    0.0  100.0  100.0    0.0 
G :    0.0    0.0    0.0    0.0 
0 0 0
0 0.36975 100
0 0.7395 100
0 1.10925 0

0.36975 0 0
0.36975 0.36975 50
0.36975 0.7395 50
0.36975 1.10925 0

0.7395 0 0
0.7395 0.36975 50
0.7395 0.7395 50
0.7395 1.10925 0

1.10925 0 0
1.10925 0.36975 100
1.10925 0.7395 100
1.10925 1.10925 0

6  --------------------------------------------------------------------------
It looks like MPI_INIT failed for some reason; your parallel process is
likely to abort.  There are many reasons that a parallel process can
fail during MPI_INIT; some of which are due to configuration or environment
problems.  This failure appears to be an internal failure; here's some
additional information (which may only be relevant to an Open MPI
developer):

  ompi_proc_complete_init failed
  --> Returned "Not found" (-13) instead of "Success" (0)
--------------------------------------------------------------------------
8  G :    0.0    0.0    0.0    0.0    0.0    0.0    0.0    0.0 
  :    0.0  100.0  100.0  100.0  100.0  100.0  100.0    0.0 
  :    0.0   50.0   69.0   75.9   75.9   69.0   50.0    0.0 
  :    0.0   31.0   50.0   58.6   58.6   50.0   31.0    0.0 
  :    0.0   24.1   41.4   50.0   50.0   41.4   24.1    0.0 
  :    0.0   24.1   41.4   50.0   50.0   41.4   24.1    0.0 
  :    0.0   31.0   50.0   58.6   58.6   50.0   31.0    0.0 
  :    0.0   50.0   69.0   75.9   75.9   69.0   50.0    0.0 
  :    0.0  100.0  100.0  100.0  100.0  100.0  100.0    0.0 
G :    0.0    0.0    0.0    0.0    0.0    0.0    0.0    0.0 
0 0 0
0 0.184875 100
0 0.36975 100
0 0.554625 100
0 0.7395 100
0 0.924375 100
0 1.10925 100
0 1.29413 0

0.184875 0 0
0.184875 0.184875 50
0.184875 0.36975 68.9655
0.184875 0.554625 75.8621
0.184875 0.7395 75.8621
0.184875 0.924375 68.9655
0.184875 1.10925 50
0.184875 1.29413 0

0.36975 0 0
0.36975 0.184875 31.0345
0.36975 0.36975 50
0.36975 0.554625 58.6207
0.36975 0.7395 58.6207
0.36975 0.924375 50
0.36975 1.10925 31.0345
0.36975 1.29413 0

0.554625 0 0
0.554625 0.184875 24.1379
0.554625 0.36975 41.3793
0.554625 0.554625 50
0.554625 0.7395 50
0.554625 0.924375 41.3793
0.554625 1.10925 24.1379
0.554625 1.29413 0

0.7395 0 0
0.7395 0.184875 24.1379
0.7395 0.36975 41.3793
0.7395 0.554625 50
0.7395 0.7395 50
0.7395 0.924375 41.3793
0.7395 1.10925 24.1379
0.7395 1.29413 0

0.924375 0 0
0.924375 0.184875 31.0345
0.924375 0.36975 50
0.924375 0.554625 58.6207
0.924375 0.7395 58.6207
0.924375 0.924375 50
0.924375 1.10925 31.0345
0.924375 1.29413 0

1.10925 0 0
1.10925 0.184875 50
1.10925 0.36975 68.9655
1.10925 0.554625 75.8621
1.10925 0.7395 75.8621
1.10925 0.924375 68.9655
1.10925 1.10925 50
1.10925 1.29413 0

1.29413 0 0
1.29413 0.184875 100
1.29413 0.36975 100
1.29413 0.554625 100
1.29413 0.7395 100
1.29413 0.924375 100
1.29413 1.10925 100
1.29413 1.29413 0

