0 0 0
0 0.0493 100
0 0.0986 100
0 0.1479 100
0 0.1972 100
0 0.2465 100
0 0.2958 100
0 0.3451 100
0 0.3944 100
0 0.4437 100
0 0.493 100
0 0.5423 100
0 0.5916 100
0 0.6409 100
0 0.6902 100
0 0.7395 100
0 0.7888 100
0 0.8381 100
0 0.8874 100
0 0.9367 100
0 0.986 100
0 1.0353 100
0 1.0846 100
0 1.1339 100
0 1.1832 100
0 1.2325 100
0 1.2818 100
0 1.3311 100
0 1.3804 100
0 1.4297 0

0.0493 0 0
0.0493 0.0493 49.9145
0.0493 0.0986 69.594
0.0493 0.1479 78.8021
0.0493 0.1972 83.7999
0.0493 0.2465 86.8398
0.0493 0.2958 88.8449
0.0493 0.3451 90.2428
0.0493 0.3944 91.2527
0.0493 0.4437 91.9972
0.0493 0.493 92.5488
0.0493 0.5423 92.9526
0.0493 0.5916 93.237
0.0493 0.6409 93.4199
0.0493 0.6902 93.5116
0.0493 0.7395 93.517
0.0493 0.7888 93.4359
0.0493 0.8381 93.263
0.0493 0.8874 92.9877
0.0493 0.9367 92.5918
0.0493 0.986 92.0465
0.0493 1.0353 91.3064
0.0493 1.0846 90.2988
0.0493 1.1339 88.9009
0.0493 1.1832 86.8932
0.0493 1.2325 83.8481
0.0493 1.2818 78.8423
0.0493 1.3311 69.6236
0.0493 1.3804 49.9306
0.0493 1.4297 0

0.0986 0 0
0.0986 0.0493 30.0694
0.0986 0.0986 49.6687
0.0986 0.1479 61.8272
0.0986 0.1972 69.5741
0.0986 0.2465 74.7339
0.0986 0.2958 78.3198
0.0986 0.3451 80.8988
0.0986 0.3944 82.7987
0.0986 0.4437 84.2171
0.0986 0.493 85.2771
0.0986 0.5423 86.0575
0.0986 0.5916 86.6094
0.0986 0.6409 86.9652
0.0986 0.6902 87.144
0.0986 0.7395 87.1547
0.0986 0.7888 86.9968
0.0986 0.8381 86.6608
0.0986 0.8874 86.127
0.0986 0.9367 85.3621
0.0986 0.986 84.3146
0.0986 1.0353 82.905
0.0986 1.0846 81.0096
0.0986 1.1339 78.4305
0.0986 1.1832 74.8395
0.0986 1.2325 69.6694
0.0986 1.2818 61.9067
0.0986 1.3311 49.7271
0.0986 1.3804 30.1012
0.0986 1.4297 0

0.1479 0 0
0.1479 0.0493 20.7036
0.1479 0.0986 37.1996
0.1479 0.1479 49.2853
0.1479 0.1972 57.9629
0.1479 0.2465 64.2345
0.1479 0.2958 68.8394
0.1479 0.3451 72.2759
0.1479 0.3944 74.8723
0.1479 0.4437 76.8448
0.1479 0.493 78.337
0.1479 0.5423 79.4452
0.1479 0.5916 80.2335
0.1479 0.6409 80.7438
0.1479 0.6902 81.0011
0.1479 0.7395 81.0169
0.1479 0.7888 80.7905
0.1479 0.8381 80.3095
0.1479 0.8874 79.5478
0.1479 0.9367 78.4626
0.1479 0.986 76.9888
0.1479 1.0353 75.0293
0.1479 1.0846 72.4396
0.1479 1.1339 69.0029
0.1479 1.1832 64.3906
0.1479 1.2325 58.1037
0.1479 1.2818 49.4029
0.1479 1.3311 37.2859
0.1479 1.3804 20.7506
0.1479 1.4297 0

0.1972 0 0
0.1972 0.0493 15.5584
0.1972 0.0986 29.1624
0.1972 0.1479 40.1814
0.1972 0.1972 48.7954
0.1972 0.2465 55.4471
0.1972 0.2958 60.5791
0.1972 0.3451 64.5513
0.1972 0.3944 67.6334
0.1972 0.4437 70.0208
0.1972 0.493 71.8527
0.1972 0.5423 73.2272
0.1972 0.5916 74.2123
0.1972 0.6409 74.8532
0.1972 0.6902 75.1776
0.1972 0.7395 75.1982
0.1972 0.7888 74.9143
0.1972 0.8381 74.3117
0.1972 0.8874 73.3615
0.1972 0.9367 72.0171
0.1972 0.986 70.2093
0.1972 1.0353 67.8388
0.1972 1.0846 64.7655
0.1972 1.1339 60.7932
0.1972 1.1832 55.6513
0.1972 1.2325 48.9797
0.1972 1.2818 40.3352
0.1972 1.3311 29.2753
0.1972 1.3804 15.6198
0.1972 1.4297 0

0.2465 0 0
0.2465 0.0493 12.3838
0.2465 0.0986 23.7375
0.2465 0.1479 33.5203
0.2465 0.1972 41.638
0.2465 0.2465 48.2365
0.2465 0.2958 53.5444
0.2465 0.3451 57.79
0.2465 0.3944 61.1691
0.2465 0.4437 63.8381
0.2465 0.493 65.9163
0.2465 0.5423 67.4929
0.2465 0.5916 68.6318
0.2465 0.6409 69.377
0.2465 0.6902 69.7559
0.2465 0.7395 69.7811
0.2465 0.7888 69.4517
0.2465 0.8381 68.7532
0.2465 0.8874 67.657
0.2465 0.9367 66.1172
0.2465 0.986 64.0683
0.2465 1.0353 61.4201
0.2465 1.0846 58.0517
0.2465 1.1339 53.8059
0.2465 1.1832 48.486
0.2465 1.2325 41.8631
0.2465 1.2818 33.7083
0.2465 1.3311 23.8754
0.2465 1.3804 12.4589
0.2465 1.4297 0

0.2958 0 0
0.2958 0.0493 10.2591
0.2958 0.0986 19.9162
0.2958 0.1479 28.5697
0.2958 0.1972 36.0568
0.2958 0.2465 42.3846
0.2958 0.2958 47.6502
0.2958 0.3451 51.9826
0.2958 0.3944 55.5106
0.2958 0.4437 58.3483
0.2958 0.493 60.5896
0.2958 0.5423 62.3083
0.2958 0.5916 63.56
0.2958 0.6409 64.3839
0.2958 0.6902 64.8047
0.2958 0.7395 64.8341
0.2958 0.7888 64.471
0.2958 0.8381 63.7019
0.2958 0.8874 62.5
0.2958 0.9367 60.8242
0.2958 0.986 58.6173
0.2958 1.0353 55.8038
0.2958 1.0846 52.2883
0.2958 1.1339 47.9557
0.2958 1.1832 42.6761
0.2958 1.2325 36.3198
0.2958 1.2818 28.7893
0.2958 1.3311 20.0773
0.2958 1.3804 10.3468
0.2958 1.4297 0

0.3451 0 0
0.3451 0.0493 8.75904
0.3451 0.0986 17.136
0.3451 0.1479 24.8375
0.3451 0.1972 31.7004
0.3451 0.2465 37.6734
0.3451 0.2958 42.7792
0.3451 0.3451 47.0799
0.3451 0.3944 50.6523
0.3451 0.4437 53.5726
0.3451 0.493 55.9093
0.3451 0.5423 57.7195
0.3451 0.5916 59.0481
0.3451 0.6409 59.9277
0.3451 0.6902 60.3792
0.3451 0.7395 60.4124
0.3451 0.7888 60.0262
0.3451 0.8381 59.2086
0.3451 0.8874 57.9363
0.3451 0.9367 56.1747
0.3451 0.986 53.8768
0.3451 1.0353 50.9838
0.3451 1.0846 47.4257
0.3451 1.1339 43.1247
0.3451 1.1832 38.0031
0.3451 1.2325 31.9979
0.3451 1.2818 25.0858
0.3451 1.3311 17.3182
0.3451 1.3804 8.85827
0.3451 1.4297 0

0.3944 0 0
0.3944 0.0493 7.67371
0.3944 0.0986 15.0878
0.3944 0.1479 22.0232
0.3944 0.1972 28.335
0.3944 0.2465 33.9505
0.3944 0.2958 38.8531
0.3944 0.3451 43.0624
0.3944 0.3944 46.6174
0.3944 0.4437 49.5646
0.3944 0.493 51.9502
0.3944 0.5423 53.8151
0.3944 0.5916 55.1935
0.3944 0.6409 56.1109
0.3944 0.6902 56.5839
0.3944 0.7395 56.6202
0.3944 0.7888 56.2187
0.3944 0.8381 55.3691
0.3944 0.8874 54.0523
0.3944 0.9367 52.2404
0.3944 0.986 49.8974
0.3944 1.0353 46.9801
0.3944 1.0846 43.4406
0.3944 1.1339 39.231
0.3944 1.1832 34.3111
0.3944 1.2325 28.6603
0.3944 1.2818 22.2948
0.3944 1.3311 15.287
0.3944 1.3804 7.78221
0.3944 1.4297 0

0.4437 0 0
0.4437 0.0493 6.87555
0.4437 0.0986 13.5638
0.4437 0.1479 19.8953
0.4437 0.1972 25.745
0.4437 0.2465 31.035
0.4437 0.2958 35.7288
0.4437 0.3451 39.8201
0.4437 0.3944 43.3224
0.4437 0.4437 46.2599
0.4437 0.493 48.6606
0.4437 0.5423 50.5523
0.4437 0.5916 51.9589
0.4437 0.6409 52.8994
0.4437 0.6902 53.3863
0.4437 0.7395 53.4254
0.4437 0.7888 53.0152
0.4437 0.8381 52.1473
0.4437 0.8874 50.8068
0.4437 0.9367 48.9721
0.4437 0.986 46.6169
0.4437 1.0353 43.7115
0.4437 1.0846 40.2259
0.4437 1.1339 36.1342
0.4437 1.1832 31.4218
0.4437 1.2325 26.094
0.4437 1.2818 20.1867
0.4437 1.3311 13.7776
0.4437 1.3804 6.99197
0.4437 1.4297 0

0.493 0 0
0.493 0.0493 6.29406
0.493 0.0986 12.4451
0.493 0.1479 18.3162
0.493 0.1972 23.7987
0.493 0.2465 28.8162
0.493 0.2958 33.3222
0.493 0.3451 37.2955
0.493 0.3944 40.7327
0.493 0.4437 43.6422
0.493 0.493 46.0388
0.493 0.5423 47.9392
0.493 0.5916 49.3595
0.493 0.6409 50.3128
0.493 0.6902 50.8081
0.493 0.7395 50.8493
0.493 0.7888 50.435
0.493 0.8381 49.5584
0.493 0.8874 48.2079
0.493 0.9367 46.3676
0.493 0.986 44.0192
0.493 1.0353 41.1435
0.493 1.0846 37.7239
0.493 1.1339 33.7503
0.493 1.1832 29.2246
0.493 1.2325 24.1672
0.493 1.2818 18.6238
0.493 1.3311 12.6707
0.493 1.3804 6.41695
0.493 1.4297 0

0.5423 0 0
0.5423 0.0493 5.8865
0.5423 0.0986 11.657
0.5423 0.1479 17.1958
0.5423 0.1972 22.406
0.5423 0.2465 27.214
0.5423 0.2958 31.5693
0.5423 0.3451 35.4418
0.5423 0.3944 38.8179
0.5423 0.4437 41.6953
0.5423 0.493 44.0793
0.5423 0.5423 45.9789
0.5423 0.5916 47.4041
0.5423 0.6409 48.3636
0.5423 0.6902 48.8636
0.5423 0.7395 48.9064
0.5423 0.7888 48.4907
0.5423 0.8381 47.6111
0.5423 0.8874 46.2585
0.5423 0.9367 44.4215
0.5423 0.986 42.0875
0.5423 1.0353 39.2454
0.5423 1.0846 35.8876
0.5423 1.1339 32.0147
0.5423 1.1832 27.6389
0.5423 1.2325 22.7894
0.5423 1.2818 17.5158
0.5423 1.3311 11.8918
0.5423 1.3804 6.01436
0.5423 1.4297 0

0.5916 0 0
0.5916 0.0493 5.62687
0.5916 0.0986 11.1535
0.5916 0.1479 16.4765
0.5916 0.1972 21.5069
0.5916 0.2465 26.1735
0.5916 0.2958 30.4241
0.5916 0.3451 34.2242
0.5916 0.3944 37.5539
0.5916 0.4437 40.4047
0.5916 0.493 42.7759
0.5916 0.5423 44.6715
0.5916 0.5916 46.0974
0.5916 0.6409 47.0594
0.5916 0.6902 47.5616
0.5916 0.7395 47.6056
0.5916 0.7888 47.1899
0.5916 0.8381 46.3099
0.5916 0.8874 44.9585
0.5916 0.9367 43.1272
0.5916 0.986 40.8074
0.5916 1.0353 37.9928
0.5916 1.0846 34.6819
0.5916 1.1339 30.8814
0.5916 1.1832 26.6098
0.5916 1.2325 21.9005
0.5916 1.2818 16.8051
0.5916 1.3311 11.3945
0.5916 1.3804 5.75814
0.5916 1.4297 0

0.6409 0 0
0.6409 0.0493 5.50016
0.6409 0.0986 10.9073
0.6409 0.1479 16.124
0.6409 0.1972 21.0647
0.6409 0.2465 25.66
0.6409 0.2958 29.857
0.6409 0.3451 33.6192
0.6409 0.3944 36.924
0.6409 0.4437 39.7599
0.6409 0.493 42.1233
0.6409 0.5423 44.0158
0.6409 0.5916 45.4412
0.6409 0.6409 46.4039
0.6409 0.6902 46.9071
0.6409 0.7395 46.9517
0.6409 0.7888 46.5363
0.6409 0.8381 45.6567
0.6409 0.8874 44.3068
0.6409 0.9367 42.4795
0.6409 0.986 40.1683
0.6409 1.0353 37.3691
0.6409 1.0846 34.0833
0.6409 1.1339 30.3207
0.6409 1.1832 26.1024
0.6409 1.2325 21.4638
0.6409 1.2818 16.4571
0.6409 1.3311 11.1517
0.6409 1.3804 5.63326
0.6409 1.4297 0

0.6902 0 0
0.6902 0.0493 5.49947
0.6902 0.0986 10.906
0.6902 0.1479 16.122
0.6902 0.1972 21.0622
0.6902 0.2465 25.6569
0.6902 0.2958 29.8534
0.6902 0.3451 33.6152
0.6902 0.3944 36.9196
0.6902 0.4437 39.7552
0.6902 0.493 42.1184
0.6902 0.5423 44.0106
0.6902 0.5916 45.436
0.6902 0.6409 46.3986
0.6902 0.6902 46.9017
0.6902 0.7395 46.9464
0.6902 0.7888 46.5312
0.6902 0.8381 45.6518
0.6902 0.8874 44.3022
0.6902 0.9367 42.4752
0.6902 0.986 40.1642
0.6902 1.0353 37.3654
0.6902 1.0846 34.0801
0.6902 1.1339 30.3179
0.6902 1.1832 26.1
0.6902 1.2325 21.4619
0.6902 1.2818 16.4557
0.6902 1.3311 11.1508
0.6902 1.3804 5.63279
0.6902 1.4297 0

0.7395 0 0
0.7395 0.0493 5.63564
0.7395 0.0986 11.1709
0.7395 0.1479 16.5022
0.7395 0.1972 21.5406
0.7395 0.2465 26.2147
0.7395 0.2958 30.4724
0.7395 0.3451 34.2789
0.7395 0.3944 37.6143
0.7395 0.4437 40.47
0.7395 0.493 42.8454
0.7395 0.5423 44.7444
0.7395 0.5916 46.1727
0.7395 0.6409 47.1363
0.7395 0.6902 47.6392
0.7395 0.7395 47.6829
0.7395 0.7888 47.2661
0.7395 0.8381 46.384
0.7395 0.8874 45.0298
0.7395 0.9367 43.1947
0.7395 0.986 40.8705
0.7395 1.0353 38.0506
0.7395 1.0846 34.7339
0.7395 1.1339 30.927
0.7395 1.1832 26.6484
0.7395 1.2325 21.9318
0.7395 1.2818 16.8289
0.7395 1.3311 11.4105
0.7395 1.3804 5.76612
0.7395 1.4297 0

0.7888 0 0
0.7888 0.0493 5.9042
0.7888 0.0986 11.6921
0.7888 0.1479 17.2477
0.7888 0.1972 22.4739
0.7888 0.2465 27.2971
0.7888 0.2958 31.6665
0.7888 0.3451 35.5518
0.7888 0.3944 38.9393
0.7888 0.4437 41.8267
0.7888 0.493 44.2191
0.7888 0.5423 46.1253
0.7888 0.5916 47.5555
0.7888 0.6409 48.5181
0.7888 0.6902 49.0193
0.7888 0.7395 49.0616
0.7888 0.7888 48.6435
0.7888 0.8381 47.7597
0.7888 0.8874 46.4012
0.7888 0.9367 44.5567
0.7888 0.986 42.2138
0.7888 1.0353 39.3611
0.7888 1.0846 35.9917
0.7888 1.1339 32.1059
0.7888 1.1832 27.7163
0.7888 1.2325 22.8521
0.7888 1.2818 17.5633
0.7888 1.3311 11.9237
0.7888 1.3804 6.0303
0.7888 1.4297 0

0.8381 0 0
0.8381 0.0493 6.31983
0.8381 0.0986 12.4961
0.8381 0.1479 18.3917
0.8381 0.1972 23.8976
0.8381 0.2465 28.937
0.8381 0.2958 33.4635
0.8381 0.3451 37.4555
0.8381 0.3944 40.9093
0.8381 0.4437 43.8334
0.8381 0.493 46.242
0.8381 0.5423 48.1521
0.8381 0.5916 49.5795
0.8381 0.6409 50.5373
0.8381 0.6902 51.0344
0.8381 0.7395 51.0748
0.8381 0.7888 50.6569
0.8381 0.8381 49.7743
0.8381 0.8874 48.4152
0.8381 0.9367 46.5641
0.8381 0.986 44.2025
0.8381 1.0353 41.3116
0.8381 1.0846 37.875
0.8381 1.1339 33.8826
0.8381 1.1832 29.3368
0.8381 1.2325 24.2582
0.8381 1.2818 18.6927
0.8381 1.3311 12.7169
0.8381 1.3804 6.44008
0.8381 1.4297 0

0.8874 0 0
0.8874 0.0493 6.90823
0.8874 0.0986 13.6285
0.8874 0.1479 19.991
0.8874 0.1972 25.8703
0.8874 0.2465 31.1882
0.8874 0.2958 35.908
0.8874 0.3451 40.0229
0.8874 0.3944 43.5463
0.8874 0.4437 46.5021
0.8874 0.493 48.9182
0.8874 0.5423 50.8221
0.8874 0.5916 52.2377
0.8874 0.6409 53.1839
0.8874 0.6902 53.6731
0.8874 0.7395 53.711
0.8874 0.7888 53.2963
0.8874 0.8381 52.4208
0.8874 0.8874 51.0694
0.8874 0.9367 49.2209
0.8874 0.986 46.8491
0.8874 1.0353 43.9244
0.8874 1.0846 40.4172
0.8874 1.1339 36.3018
0.8874 1.1832 31.564
0.8874 1.2325 26.2092
0.8874 1.2818 20.274
0.8874 1.3311 13.836
0.8874 1.3804 7.02124
0.8874 1.4297 0

0.9367 0 0
0.9367 0.0493 7.71187
0.9367 0.0986 15.1633
0.9367 0.1479 22.1349
0.9367 0.1972 28.4813
0.9367 0.2465 34.1294
0.9367 0.2958 39.0623
0.9367 0.3451 43.2991
0.9367 0.3944 46.8788
0.9367 0.4437 49.8474
0.9367 0.493 52.2508
0.9367 0.5423 54.13
0.9367 0.5916 55.5188
0.9367 0.6409 56.4428
0.9367 0.6902 56.9184
0.9367 0.7395 56.9534
0.9367 0.7888 56.5467
0.9367 0.8381 55.6881
0.9367 0.8874 54.3586
0.9367 0.9367 52.5306
0.9367 0.986 50.1681
0.9367 1.0353 47.2283
0.9367 1.0846 43.6637
0.9367 1.1339 39.4265
0.9367 1.1832 34.4768
0.9367 1.2325 28.7947
0.9367 1.2818 22.3965
0.9367 1.3311 15.3552
0.9367 1.3804 7.81635
0.9367 1.4297 0

0.986 0 0
0.986 0.0493 8.80098
0.986 0.0986 17.2191
0.986 0.1479 24.9603
0.986 0.1972 31.8612
0.986 0.2465 37.87
0.986 0.2958 43.0091
0.986 0.3451 47.3401
0.986 0.3944 50.9394
0.986 0.4437 53.8832
0.986 0.493 56.2396
0.986 0.5423 58.0654
0.986 0.5916 59.4055
0.986 0.6409 60.2922
0.986 0.6902 60.7466
0.986 0.7395 60.7784
0.986 0.7888 60.3866
0.986 0.8381 59.559
0.986 0.8874 58.2728
0.986 0.9367 56.4934
0.986 0.986 54.1742
0.986 1.0353 51.2565
0.986 1.0846 47.6707
0.986 1.1339 43.3394
0.986 1.1832 38.1851
0.986 1.2325 32.1455
0.986 1.2818 25.1976
0.986 1.3311 17.3931
0.986 1.3804 8.89574
0.986 1.4297 0

1.0353 0 0
1.0353 0.0493 10.2956
1.0353 0.0986 19.9884
1.0353 0.1479 28.6766
1.0353 0.1972 36.1968
1.0353 0.2465 42.5559
1.0353 0.2958 47.8504
1.0353 0.3451 52.2092
1.0353 0.3944 55.7609
1.0353 0.4437 58.619
1.0353 0.493 60.8774
1.0353 0.5423 62.6098
1.0353 0.5916 63.8715
1.0353 0.6409 64.7018
1.0353 0.6902 65.1252
1.0353 0.7395 65.1534
1.0353 0.7888 64.7854
1.0353 0.8381 64.0076
1.0353 0.8874 62.7936
1.0353 0.9367 61.1024
1.0353 0.986 58.8769
1.0353 1.0353 56.0419
1.0353 1.0846 52.5022
1.0353 1.1339 48.1432
1.0353 1.1832 42.8351
1.0353 1.2325 36.4487
1.0353 1.2818 28.8869
1.0353 1.3311 20.1427
1.0353 1.3804 10.3796
1.0353 1.4297 0

1.0846 0 0
1.0846 0.0493 12.4205
1.0846 0.0986 23.8102
1.0846 0.1479 33.6279
1.0846 0.1972 41.7788
1.0846 0.2465 48.4087
1.0846 0.2958 53.7457
1.0846 0.3451 58.0178
1.0846 0.3944 61.4207
1.0846 0.4437 64.1102
1.0846 0.493 66.2056
1.0846 0.5423 67.7959
1.0846 0.5916 68.9449
1.0846 0.6409 69.6965
1.0846 0.6902 70.0779
1.0846 0.7395 70.1018
1.0846 0.7888 69.7674
1.0846 0.8381 69.0603
1.0846 0.8874 67.9518
1.0846 0.9367 66.3965
1.0846 0.986 64.3289
1.0846 1.0353 61.6591
1.0846 1.0846 58.2664
1.0846 1.1339 53.994
1.0846 1.1832 48.6456
1.0846 1.2325 41.9925
1.0846 1.2818 33.8062
1.0846 1.3311 23.941
1.0846 1.3804 12.4918
1.0846 1.4297 0

1.1339 0 0
1.1339 0.0493 15.5929
1.1339 0.0986 29.2308
1.1339 0.1479 40.2826
1.1339 0.1972 48.9279
1.1339 0.2465 55.6091
1.1339 0.2958 60.7685
1.1339 0.3451 64.7655
1.1339 0.3944 67.8699
1.1339 0.4437 70.2766
1.1339 0.493 72.1247
1.1339 0.5423 73.5121
1.1339 0.5916 74.5066
1.1339 0.6409 75.1534
1.1339 0.6902 75.4802
1.1339 0.7395 75.4995
1.1339 0.7888 75.2109
1.1339 0.8381 74.6002
1.1339 0.8874 73.6385
1.1339 0.9367 72.2794
1.1339 0.986 70.454
1.1339 1.0353 68.0632
1.1339 1.0846 64.9671
1.1339 1.1339 60.9698
1.1339 1.1832 55.8011
1.1339 1.2325 49.1011
1.1339 1.2818 40.4272
1.1339 1.3311 29.3369
1.1339 1.3804 15.6507
1.1339 1.4297 0

1.1832 0 0
1.1832 0.0493 20.7335
1.1832 0.0986 37.2587
1.1832 0.1479 49.3727
1.1832 0.1972 58.0773
1.1832 0.2465 64.3744
1.1832 0.2958 69.0028
1.1832 0.3451 72.4609
1.1832 0.3944 75.0765
1.1832 0.4437 77.0656
1.1832 0.493 78.5718
1.1832 0.5423 79.691
1.1832 0.5916 80.4875
1.1832 0.6409 81.0029
1.1832 0.6902 81.2622
1.1832 0.7395 81.2769
1.1832 0.7888 81.0464
1.1832 0.8381 80.5583
1.1832 0.8874 79.7867
1.1832 0.9367 78.6889
1.1832 0.986 77.1999
1.1832 1.0353 75.2228
1.1832 1.0846 72.6135
1.1832 1.1339 69.1552
1.1832 1.1832 64.5198
1.1832 1.2325 58.2084
1.1832 1.2818 49.4821
1.1832 1.3311 37.339
1.1832 1.3804 20.7772
1.1832 1.4297 0

1.2325 0 0
1.2325 0.0493 30.092
1.2325 0.0986 49.7133
1.2325 0.1479 61.8931
1.2325 0.1972 69.6605
1.2325 0.2465 74.8395
1.2325 0.2958 78.4432
1.2325 0.3451 81.0384
1.2325 0.3944 82.9528
1.2325 0.4437 84.3837
1.2325 0.493 85.4542
1.2325 0.5423 86.243
1.2325 0.5916 86.801
1.2325 0.6409 87.1606
1.2325 0.6902 87.3409
1.2325 0.7395 87.3507
1.2325 0.7888 87.1897
1.2325 0.8381 86.8484
1.2325 0.8874 86.3071
1.2325 0.9367 85.5327
1.2325 0.986 84.4737
1.2325 1.0353 83.0508
1.2325 1.0846 81.1406
1.2325 1.1339 78.5453
1.2325 1.1832 74.9368
1.2325 1.2325 69.7483
1.2325 1.2818 61.9664
1.2325 1.3311 49.7671
1.2325 1.3804 30.1213
1.2325 1.4297 0

1.2818 0 0
1.2818 0.0493 49.9271
1.2818 0.0986 69.6189
1.2818 0.1479 78.8389
1.2818 0.1972 83.8481
1.2818 0.2465 86.8987
1.2818 0.2958 88.9138
1.2818 0.3451 90.3206
1.2818 0.3944 91.3387
1.2818 0.4437 92.0901
1.2818 0.493 92.6476
1.2818 0.5423 93.0561
1.2818 0.5916 93.3439
1.2818 0.6409 93.5288
1.2818 0.6902 93.6214
1.2818 0.7395 93.6263
1.2818 0.7888 93.5434
1.2818 0.8381 93.3676
1.2818 0.8874 93.0881
1.2818 0.9367 92.6869
1.2818 0.986 92.1351
1.2818 1.0353 91.3877
1.2818 1.0846 90.3718
1.2818 1.1339 88.9648
1.2818 1.1832 86.9474
1.2818 1.2325 83.892
1.2818 1.2818 78.8756
1.2818 1.3311 69.6458
1.2818 1.3804 49.9418
1.2818 1.4297 0

1.3311 0 0
1.3311 0.0493 100
1.3311 0.0986 100
1.3311 0.1479 100
1.3311 0.1972 100
1.3311 0.2465 100
1.3311 0.2958 100
1.3311 0.3451 100
1.3311 0.3944 100
1.3311 0.4437 100
1.3311 0.493 100
1.3311 0.5423 100
1.3311 0.5916 100
1.3311 0.6409 100
1.3311 0.6902 100
1.3311 0.7395 100
1.3311 0.7888 100
1.3311 0.8381 100
1.3311 0.8874 100
1.3311 0.9367 100
1.3311 0.986 100
1.3311 1.0353 100
1.3311 1.0846 100
1.3311 1.1339 100
1.3311 1.1832 100
1.3311 1.2325 100
1.3311 1.2818 100
1.3311 1.3311 100
1.3311 1.3804 100
1.3311 1.4297 0

