0  0  0  7.86  0.87  0  1.36905  
0.01  0.0087  0  7.87271  0.87  0  1.27095  
0.02  0.0174  0  7.88444  0.87  0  1.17285  
0.03  0.0261  0  7.89519  0.87  0  1.07475  
0.04  0.0348  0  7.90495  0.87  0  0.97665  
0.05  0.0435  0  7.91374  0.87  0  0.87855  
0.06  0.0522  0  7.92154  0.87  0  0.78045  
0.07  0.0609  0  7.92837  0.87  0  0.68235  
0.08  0.0696  0  7.93421  0.87  0  0.58425  
0.09  0.0783  0  7.93907  0.87  0  0.48615  
0.1  0.087  0  7.94295  0.87  0  0.38805  
0.11  0.0957  0  7.94585  0.87  0  0.28995  
0.12  0.1044  0  7.94777  0.87  0  0.19185  
0.13  0.1131  0  7.94871  0.87  0  0.09375  
0.14  0.1218  0  7.94866  0.87  0  -0.00435  
0.15  0.1305  0  7.94764  0.87  0  -0.10245  
0.16  0.1392  0  7.94563  0.87  0  -0.20055  
0.17  0.1479  0  7.94265  0.87  0  -0.29865  
0.18  0.1566  0  7.93868  0.87  0  -0.39675  
0.19  0.1653  0  7.93373  0.87  0  -0.49485  
0.2  0.174  0  7.9278  0.87  0  -0.59295  
0.21  0.1827  0  7.92089  0.87  0  -0.69105  
0.22  0.1914  0  7.913  0.87  0  -0.78915  
0.23  0.2001  0  7.90413  0.87  0  -0.88725  
0.24  0.2088  0  7.89427  0.87  0  -0.98535  
0.25  0.2175  0  7.88344  0.87  0  -1.08345  
0.26  0.2262  0  7.87162  0.87  0  -1.18155  
0.27  0.2349  0  7.85883  0.87  0  -1.27965  
0.28  0.2436  0  7.84505  0.87  0  -1.37775  
0.29  0.2523  0  7.83029  0.87  0  -1.47585  
0.3  0.261  0  7.81455  0.87  0  -1.57395  
0.31  0.2697  0  7.79783  0.87  0  -1.67205  
0.32  0.2784  0  7.78013  0.87  0  -1.77015  
0.33  0.2871  0  7.76145  0.87  0  -1.86825  
0.34  0.2958  0  7.74178  0.87  0  -1.96635  
0.35  0.3045  0  7.72114  0.87  0  -2.06445  
0.36  0.3132  0  7.69951  0.87  0  -2.16255  
0.37  0.3219  0  7.67691  0.87  0  -2.26065  
0.38  0.3306  0  7.65332  0.87  0  -2.35875  
0.39  0.3393  0  7.62875  0.87  0  -2.45685  
0.4  0.348  0  7.6032  0.87  0  -2.55495  
0.41  0.3567  0  7.57667  0.87  0  -2.65305  
0.42  0.3654  0  7.54916  0.87  0  -2.75115  
0.43  0.3741  0  7.52067  0.87  0  -2.84925  
0.44  0.3828  0  7.49119  0.87  0  -2.94735  
0.45  0.3915  0  7.46074  0.87  0  -3.04545  
0.46  0.4002  0  7.4293  0.87  0  -3.14355  
0.47  0.4089  0  7.39689  0.87  0  -3.24165  
0.48  0.4176  0  7.36349  0.87  0  -3.33975  
0.49  0.4263  0  7.32911  0.87  0  -3.43785  
0.5  0.435  0  7.29375  0.87  0  -3.53595  
0.51  0.4437  0  7.25741  0.87  0  -3.63405  
0.52  0.4524  0  7.22009  0.87  0  -3.73215  
0.53  0.4611  0  7.18179  0.87  0  -3.83025  
0.54  0.4698  0  7.1425  0.87  0  -3.92835  
0.55  0.4785  0  7.10224  0.87  0  -4.02645  
0.56  0.4872  0  7.06099  0.87  0  -4.12455  
0.57  0.4959  0  7.01877  0.87  0  -4.22265  
0.58  0.5046  0  6.97556  0.87  0  -4.32075  
0.59  0.5133  0  6.93137  0.87  0  -4.41885  
0.6  0.522  0  6.8862  0.87  0  -4.51695  
0.61  0.5307  0  6.84005  0.87  0  -4.61505  
0.62  0.5394  0  6.79292  0.87  0  -4.71315  
0.63  0.5481  0  6.74481  0.87  0  -4.81125  
0.64  0.5568  0  6.69571  0.87  0  -4.90935  
0.65  0.5655  0  6.64564  0.87  0  -5.00745  
0.66  0.5742  0  6.59458  0.87  0  -5.10555  
0.67  0.5829  0  6.54255  0.87  0  -5.20365  
0.68  0.5916  0  6.48953  0.87  0  -5.30175  
0.69  0.6003  0  6.43553  0.87  0  -5.39985  
0.7  0.609  0  6.38055  0.87  0  -5.49795  
0.71  0.6177  0  6.32459  0.87  0  -5.59605  
0.72  0.6264  0  6.26765  0.87  0  -5.69415  
0.73  0.6351  0  6.20973  0.87  0  -5.79225  
0.74  0.6438  0  6.15082  0.87  0  -5.89035  
0.75  0.6525  0  6.09094  0.87  0  -5.98845  
0.76  0.6612  0  6.03007  0.87  0  -6.08655  
0.77  0.6699  0  5.96823  0.87  0  -6.18465  
0.78  0.6786  0  5.9054  0.87  0  -6.28275  
0.79  0.6873  0  5.84159  0.87  0  -6.38085  
0.8  0.696  0  5.7768  0.87  0  -6.47895  
0.81  0.7047  0  5.71103  0.87  0  -6.57705  
0.82  0.7134  0  5.64428  0.87  0  -6.67515  
0.83  0.7221  0  5.57655  0.87  0  -6.77325  
0.84  0.7308  0  5.50783  0.87  0  -6.87135  
0.85  0.7395  0  5.43814  0.87  0  -6.96945  
0.86  0.7482  0  5.36746  0.87  0  -7.06755  
0.87  0.7569  0  5.29581  0.87  0  -7.16565  
0.88  0.7656  0  5.22317  0.87  0  -7.26375  
0.89  0.7743  0  5.14955  0.87  0  -7.36185  
0.9  0.783  0  5.07495  0.87  0  -7.45995  
0.91  0.7917  0  4.99937  0.87  0  -7.55805  
0.92  0.8004  0  4.92281  0.87  0  -7.65615  
0.93  0.8091  0  4.84527  0.87  0  -7.75425  
0.94  0.8178  0  4.76674  0.87  0  -7.85235  
0.95  0.8265  0  4.68724  0.87  0  -7.95045  
0.96  0.8352  0  4.60675  0.87  0  -8.04855  
0.97  0.8439  0  4.52529  0.87  0  -8.14665  
0.98  0.8526  0  4.44284  0.87  0  -8.24475  
0.99  0.8613  0  4.35941  0.87  0  -8.34285  
1  0.87  0  4.275  0.87  0  -8.44095  
1.01  0.8787  0  4.18961  0.87  0  -8.53905  
1.02  0.8874  0  4.10324  0.87  0  -8.63715  
1.03  0.8961  0  4.01589  0.87  0  -8.73525  
1.04  0.9048  0  3.92755  0.87  0  -8.83335  
1.05  0.9135  0  3.83824  0.87  0  -8.93145  
1.06  0.9222  0  3.74794  0.87  0  -9.02955  
1.07  0.9309  0  3.65667  0.87  0  -9.12765  
1.08  0.9396  0  3.56441  0.87  0  -9.22575  
1.09  0.9483  0  3.47117  0.87  0  -9.32385  
1.1  0.957  0  3.37695  0.87  0  -9.42195  
1.11  0.9657  0  3.28175  0.87  0  -9.52005  
1.12  0.9744  0  3.18557  0.87  0  -9.61815  
1.13  0.9831  0  3.08841  0.87  0  -9.71625  
1.14  0.9918  0  2.99026  0.87  0  -9.81435  
1.15  1.0005  0  2.89114  0.87  0  -9.91245  
1.16  1.0092  0  2.79103  0.87  0  -10.0105  
1.17  1.0179  0  2.68995  0.87  0  -10.1086  
1.18  1.0266  0  2.58788  0.87  0  -10.2067  
1.19  1.0353  0  2.48483  0.87  0  -10.3049  
1.2  1.044  0  2.3808  0.87  0  -10.403  
1.21  1.0527  0  2.27579  0.87  0  -10.5011  
1.22  1.0614  0  2.1698  0.87  0  -10.5992  
1.23  1.0701  0  2.06283  0.87  0  -10.6973  
1.24  1.0788  0  1.95487  0.87  0  -10.7954  
1.25  1.0875  0  1.84594  0.87  0  -10.8935  
1.26  1.0962  0  1.73602  0.87  0  -10.9916  
1.27  1.1049  0  1.62513  0.87  0  -11.0897  
1.28  1.1136  0  1.51325  0.87  0  -11.1878  
1.29  1.1223  0  1.40039  0.87  0  -11.2859  
1.3  1.131  0  1.28655  0.87  0  -11.384  
1.31  1.1397  0  1.17173  0.87  0  -11.4821  
1.32  1.1484  0  1.05593  0.87  0  -11.5802  
1.33  1.1571  0  0.939146  0.87  0  -11.6783  
1.34  1.1658  0  0.821382  0.87  0  -11.7764  
1.35  1.1745  0  0.702638  0.87  0  -11.8745  
1.36  1.1832  0  0.582912  0.87  0  -11.9726  
1.37  1.1919  0  0.462206  0.87  0  -12.0707  
1.38  1.2006  0  0.340518  0.87  0  -12.1688  
1.39  1.2093  0  0.21785  0.87  0  -12.2669  
1.4  1.218  0  0.0942  0.87  0  -12.365  
1.41  1.2267  0  -0.0275849  0.87  0  -12.1785  
1.42  1.2354  0  -0.144315  0.87  0  -11.673  
1.43  1.2441  0  -0.252962  0.87  0  -10.8647  
1.44  1.2528  0  -0.350737  0.87  0  -9.77754  
1.45  1.2615  0  -0.435164  0.87  0  -8.4427  
1.46  1.2702  0  -0.50414  0.87  0  -6.89755  
1.47  1.2789  0  -0.555987  0.87  0  -5.18467  
1.48  1.2876  0  -0.589493  0.87  0  -3.35068  
1.49  1.2963  0  -0.603943  0.87  0  -1.44496  
1.5  1.305  0  -0.599126  0.87  0  0.481664  
1.51  1.3137  0  -0.575344  0.87  0  2.37826  
1.52  1.3224  0  -0.533392  0.87  0  4.19516  
1.53  1.3311  0  -0.47454  0.87  0  5.88524  
1.54  1.3398  0  -0.400488  0.87  0  7.40513  
1.55  1.3485  0  -0.313325  0.87  0  8.71633  
1.56  1.3572  0  -0.215463  0.87  0  9.78621  
1.57  1.3659  0  -0.109576  0.87  0  10.5888  
1.58  1.3746  0  0.00147684  0.87  0  11.1052  
1.59  1.3833  0  0.114723  0.87  0  11.3246  
1.6  1.392  0  0.227162  0.87  0  11.2438  
1.61  1.4007  0  0.338619  0.87  0  11.1457  
1.62  1.4094  0  0.449095  0.87  0  11.0476  
1.63  1.4181  0  0.558591  0.87  0  10.9495  
1.64  1.4268  0  0.667105  0.87  0  10.8514  
1.65  1.4355  0  0.774639  0.87  0  10.7533  
1.66  1.4442  0  0.881191  0.87  0  10.6552  
1.67  1.4529  0  0.986762  0.87  0  10.5571  
1.68  1.4616  0  1.09135  0.87  0  10.459  
1.69  1.4703  0  1.19496  0.87  0  10.3609  
1.7  1.479  0  1.29759  0.87  0  10.2628  
1.71  1.4877  0  1.39924  0.87  0  10.1647  
1.72  1.4964  0  1.4999  0.87  0  10.0666  
1.73  1.5051  0  1.59959  0.87  0  9.96854  
1.74  1.5138  0  1.69829  0.87  0  9.87044  
1.75  1.5225  0  1.79602  0.87  0  9.77234  
1.76  1.5312  0  1.89276  0.87  0  9.67424  
1.77  1.5399  0  1.98852  0.87  0  9.57614  
1.78  1.5486  0  2.0833  0.87  0  9.47804  
1.79  1.5573  0  2.1771  0.87  0  9.37994  
1.8  1.566  0  2.26992  0.87  0  9.28184  
1.81  1.5747  0  2.36176  0.87  0  9.18374  
1.82  1.5834  0  2.45261  0.87  0  9.08564  
1.83  1.5921  0  2.54249  0.87  0  8.98754  
1.84  1.6008  0  2.63138  0.87  0  8.88944  
1.85  1.6095  0  2.7193  0.87  0  8.79134  
1.86  1.6182  0  2.80623  0.87  0  8.69324  
1.87  1.6269  0  2.89218  0.87  0  8.59514  
1.88  1.6356  0  2.97715  0.87  0  8.49704  
1.89  1.6443  0  3.06114  0.87  0  8.39894  
1.9  1.653  0  3.14415  0.87  0  8.30084  
1.91  1.6617  0  3.22618  0.87  0  8.20274  
1.92  1.6704  0  3.30722  0.87  0  8.10464  
1.93  1.6791  0  3.38729  0.87  0  8.00654  
1.94  1.6878  0  3.46637  0.87  0  7.90844  
1.95  1.6965  0  3.54448  0.87  0  7.81034  
1.96  1.7052  0  3.6216  0.87  0  7.71224  
1.97  1.7139  0  3.69774  0.87  0  7.61414  
1.98  1.7226  0  3.7729  0.87  0  7.51604  
1.99  1.7313  0  3.84708  0.87  0  7.41794  
2  1.74  0  3.92028  0.87  0  7.31984  
2.01  1.7487  0  3.9925  0.87  0  7.22174  
2.02  1.7574  0  4.06373  0.87  0  7.12364  
2.03  1.7661  0  4.13399  0.87  0  7.02554  
2.04  1.7748  0  4.20326  0.87  0  6.92744  
2.05  1.7835  0  4.27156  0.87  0  6.82934  
2.06  1.7922  0  4.33887  0.87  0  6.73124  
2.07  1.8009  0  4.4052  0.87  0  6.63314  
2.08  1.8096  0  4.47055  0.87  0  6.53504  
2.09  1.8183  0  4.53492  0.87  0  6.43694  
2.1  1.827  0  4.59831  0.87  0  6.33884  
2.11  1.8357  0  4.66071  0.87  0  6.24074  
2.12  1.8444  0  4.72214  0.87  0  6.14264  
2.13  1.8531  0  4.78259  0.87  0  6.04454  
2.14  1.8618  0  4.84205  0.87  0  5.94644  
2.15  1.8705  0  4.90053  0.87  0  5.84834  
2.16  1.8792  0  4.95804  0.87  0  5.75024  
2.17  1.8879  0  5.01456  0.87  0  5.65214  
2.18  1.8966  0  5.0701  0.87  0  5.55404  
2.19  1.9053  0  5.12466  0.87  0  5.45594  
2.2  1.914  0  5.17824  0.87  0  5.35784  
2.21  1.9227  0  5.23083  0.87  0  5.25974  
2.22  1.9314  0  5.28245  0.87  0  5.16164  
2.23  1.9401  0  5.33309  0.87  0  5.06354  
2.24  1.9488  0  5.38274  0.87  0  4.96544  
2.25  1.9575  0  5.43141  0.87  0  4.86734  
2.26  1.9662  0  5.47911  0.87  0  4.76924  
2.27  1.9749  0  5.52582  0.87  0  4.67114  
2.28  1.9836  0  5.57155  0.87  0  4.57304  
2.29  1.9923  0  5.6163  0.87  0  4.47494  
2.3  2.001  0  5.66007  0.87  0  4.37684  
2.31  2.0097  0  5.70285  0.87  0  4.27874  
2.32  2.0184  0  5.74466  0.87  0  4.18064  
2.33  2.0271  0  5.78548  0.87  0  4.08254  
2.34  2.0358  0  5.82533  0.87  0  3.98444  
2.35  2.0445  0  5.86419  0.87  0  3.88634  
2.36  2.0532  0  5.90207  0.87  0  3.78824  
2.37  2.0619  0  5.93898  0.87  0  3.69014  
2.38  2.0706  0  5.9749  0.87  0  3.59204  
2.39  2.0793  0  6.00984  0.87  0  3.49394  
2.4  2.088  0  6.04379  0.87  0  3.39584  
2.41  2.0967  0  6.07677  0.87  0  3.29774  
2.42  2.1054  0  6.10877  0.87  0  3.19964  
2.43  2.1141  0  6.13978  0.87  0  3.10154  
2.44  2.1228  0  6.16982  0.87  0  3.00344  
2.45  2.1315  0  6.19887  0.87  0  2.90534  
2.46  2.1402  0  6.22694  0.87  0  2.80724  
2.47  2.1489  0  6.25404  0.87  0  2.70914  
2.48  2.1576  0  6.28015  0.87  0  2.61104  
2.49  2.1663  0  6.30528  0.87  0  2.51294  
2.5  2.175  0  6.32942  0.87  0  2.41484  
2.51  2.1837  0  6.35259  0.87  0  2.31674  
2.52  2.1924  0  6.37478  0.87  0  2.21864  
2.53  2.2011  0  6.39598  0.87  0  2.12054  
2.54  2.2098  0  6.41621  0.87  0  2.02244  
2.55  2.2185  0  6.43545  0.87  0  1.92434  
2.56  2.2272  0  6.45371  0.87  0  1.82624  
2.57  2.2359  0  6.47099  0.87  0  1.72814  
2.58  2.2446  0  6.48729  0.87  0  1.63004  
2.59  2.2533  0  6.50261  0.87  0  1.53194  
2.6  2.262  0  6.51695  0.87  0  1.43384  
2.61  2.2707  0  6.53031  0.87  0  1.33574  
2.62  2.2794  0  6.54269  0.87  0  1.23764  
2.63  2.2881  0  6.55408  0.87  0  1.13954  
2.64  2.2968  0  6.5645  0.87  0  1.04144  
2.65  2.3055  0  6.57393  0.87  0  0.943341  
2.66  2.3142  0  6.58238  0.87  0  0.845241  
2.67  2.3229  0  6.58985  0.87  0  0.747141  
2.68  2.3316  0  6.59634  0.87  0  0.649041  
2.69  2.3403  0  6.60185  0.87  0  0.550941  
2.7  2.349  0  6.60638  0.87  0  0.452841  
2.71  2.3577  0  6.60993  0.87  0  0.354741  
2.72  2.3664  0  6.6125  0.87  0  0.256641  
2.73  2.3751  0  6.61408  0.87  0  0.158541  
2.74  2.3838  0  6.61469  0.87  0  0.0604411  
2.75  2.3925  0  6.61431  0.87  0  -0.0376589  
2.76  2.4012  0  6.61295  0.87  0  -0.135759  
2.77  2.4099  0  6.61061  0.87  0  -0.233859  
2.78  2.4186  0  6.60729  0.87  0  -0.331959  
2.79  2.4273  0  6.60299  0.87  0  -0.430059  
2.8  2.436  0  6.59771  0.87  0  -0.528159  
2.81  2.4447  0  6.59145  0.87  0  -0.626259  
2.82  2.4534  0  6.5842  0.87  0  -0.724359  
2.83  2.4621  0  6.57598  0.87  0  -0.822459  
2.84  2.4708  0  6.56677  0.87  0  -0.920559  
2.85  2.4795  0  6.55659  0.87  0  -1.01866  
2.86  2.4882  0  6.54542  0.87  0  -1.11676  
2.87  2.4969  0  6.53327  0.87  0  -1.21486  
2.88  2.5056  0  6.52014  0.87  0  -1.31296  
2.89  2.5143  0  6.50603  0.87  0  -1.41106  
2.9  2.523  0  6.49094  0.87  0  -1.50916  
2.91  2.5317  0  6.47487  0.87  0  -1.60726  
2.92  2.5404  0  6.45781  0.87  0  -1.70536  
2.93  2.5491  0  6.43978  0.87  0  -1.80346  
2.94  2.5578  0  6.42076  0.87  0  -1.90156  
2.95  2.5665  0  6.40077  0.87  0  -1.99966  
2.96  2.5752  0  6.37979  0.87  0  -2.09776  
2.97  2.5839  0  6.35783  0.87  0  -2.19586  
2.98  2.5926  0  6.33489  0.87  0  -2.29396  
2.99  2.6013  0  6.31097  0.87  0  -2.39206  
3  2.61  0  6.28607  0.87  0  -2.49016  
3.01  2.6187  0  6.26019  0.87  0  -2.58826  
3.02  2.6274  0  6.23332  0.87  0  -2.68636  
3.03  2.6361  0  6.20548  0.87  0  -2.78446  
3.04  2.6448  0  6.17665  0.87  0  -2.88256  
3.05  2.6535  0  6.14685  0.87  0  -2.98066  
3.06  2.6622  0  6.11606  0.87  0  -3.07876  
3.07  2.6709  0  6.08429  0.87  0  -3.17686  
3.08  2.6796  0  6.05154  0.87  0  -3.27496  
3.09  2.6883  0  6.01781  0.87  0  -3.37306  
3.1  2.697  0  5.9831  0.87  0  -3.47116  
3.11  2.7057  0  5.94741  0.87  0  -3.56926  
3.12  2.7144  0  5.91073  0.87  0  -3.66736  
3.13  2.7231  0  5.87308  0.87  0  -3.76546  
3.14  2.7318  0  5.83444  0.87  0  -3.86356  
3.15  2.7405  0  5.79483  0.87  0  -3.96166  
3.16  2.7492  0  5.75423  0.87  0  -4.05976  
3.17  2.7579  0  5.71265  0.87  0  -4.15786  
3.18  2.7666  0  5.67009  0.87  0  -4.25596  
3.19  2.7753  0  5.62655  0.87  0  -4.35406  
3.2  2.784  0  5.58203  0.87  0  -4.45216  
3.21  2.7927  0  5.53652  0.87  0  -4.55026  
3.22  2.8014  0  5.49004  0.87  0  -4.64836  
3.23  2.8101  0  5.44258  0.87  0  -4.74646  
3.24  2.8188  0  5.39413  0.87  0  -4.84456  
3.25  2.8275  0  5.3447  0.87  0  -4.94266  
3.26  2.8362  0  5.2943  0.87  0  -5.04076  
3.27  2.8449  0  5.24291  0.87  0  -5.13886  
3.28  2.8536  0  5.19054  0.87  0  -5.23696  
3.29  2.8623  0  5.13719  0.87  0  -5.33506  
3.3  2.871  0  5.08286  0.87  0  -5.43316  
3.31  2.8797  0  5.02754  0.87  0  -5.53126  
3.32  2.8884  0  4.97125  0.87  0  -5.62936  
3.33  2.8971  0  4.91398  0.87  0  -5.72746  
3.34  2.9058  0  4.85572  0.87  0  -5.82556  
3.35  2.9145  0  4.79648  0.87  0  -5.92366  
3.36  2.9232  0  4.73627  0.87  0  -6.02176  
3.37  2.9319  0  4.67507  0.87  0  -6.11986  
3.38  2.9406  0  4.61289  0.87  0  -6.21796  
3.39  2.9493  0  4.54973  0.87  0  -6.31606  
3.4  2.958  0  4.48559  0.87  0  -6.41416  
3.41  2.9667  0  4.42046  0.87  0  -6.51226  
3.42  2.9754  0  4.35436  0.87  0  -6.61036  
3.43  2.9841  0  4.28727  0.87  0  -6.70846  
3.44  2.9928  0  4.21921  0.87  0  -6.80656  
3.45  3.0015  0  4.15016  0.87  0  -6.90466  
3.46  3.0102  0  4.08014  0.87  0  -7.00276  
3.47  3.0189  0  4.00913  0.87  0  -7.10086  
3.48  3.0276  0  3.93714  0.87  0  -7.19896  
3.49  3.0363  0  3.86417  0.87  0  -7.29706  
3.5  3.045  0  3.79021  0.87  0  -7.39516  
3.51  3.05349  0  3.71528  0.849003  0  -7.49326  
3.52  3.06155  0  3.63937  0.805839  0  -7.59136  
3.53  3.06897  0  3.56247  0.741842  0  -7.68946  
3.54  3.07556  0  3.4846  0.658886  0  -7.78756  
3.55  3.08115  0  3.40574  0.559326  0  -7.88566  
3.56  3.08561  0  3.3259  0.445933  0  -7.98376  
3.57  3.08883  0  3.24509  0.321818  0  -8.08186  
3.58  3.09073  0  3.16329  0.190345  0  -8.17996  
3.59  3.09128  0  3.08051  0.0550433  0  -8.27806  
3.6  3.09048  0  2.99674  -0.0804904  0  -8.37616  
3.61  3.08835  0  2.912  -0.212685  0  -8.47426  
3.62  3.08497  0  2.82628  -0.338088  0  -8.57236  
3.63  3.08043  0  2.73957  -0.453461  0  -8.67046  
3.64  3.07487  0  2.65189  -0.555853  0  -8.76856  
3.65  3.06845  0  2.56322  -0.642687  0  -8.86666  
3.66  3.06133  0  2.47357  -0.711815  0  -8.96476  
3.67  3.05371  0  2.38294  -0.761577  0  -9.06286  
3.68  3.04581  0  2.29134  -0.790835  0  -9.16096  
3.69  3.03782  0  2.19874  -0.799006  0  -9.25906  
3.7  3.02983  0  2.10517  -0.799006  0  -9.35716  
3.71  3.02184  0  2.01062  -0.799006  0  -9.45526  
3.72  3.01385  0  1.91509  -0.799006  0  -9.55336  
3.73  3.00586  0  1.81857  -0.799006  0  -9.65146  
3.74  2.99787  0  1.72108  -0.799006  0  -9.74956  
3.75  2.98988  0  1.6226  -0.799006  0  -9.84766  
3.76  2.98188  0  1.52314  -0.799006  0  -9.94576  
3.77  2.97389  0  1.4227  -0.799006  0  -10.0439  
3.78  2.9659  0  1.32128  -0.799006  0  -10.142  
3.79  2.95791  0  1.21888  -0.799006  0  -10.2401  
3.8  2.94992  0  1.1155  -0.799006  0  -10.3382  
3.81  2.94193  0  1.01114  -0.799006  0  -10.4363  
3.82  2.93394  0  0.905796  -0.799006  0  -10.5344  
3.83  2.92595  0  0.799471  -0.799006  0  -10.6325  
3.84  2.91796  0  0.692166  -0.799006  0  -10.7306  
3.85  2.90997  0  0.583879  -0.799006  0  -10.8287  
3.86  2.90198  0  0.474612  -0.799006  0  -10.9268  
3.87  2.89399  0  0.364363  -0.799006  0  -11.0249  
3.88  2.886  0  0.253133  -0.799006  0  -11.123  
3.89  2.87801  0  0.140923  -0.799006  0  -11.2211  
3.9  2.87002  0  0.0292435  -0.799006  0  -11.1679  
3.91  2.86203  0  -0.0789685  -0.799006  0  -10.8212  
3.92  2.85404  0  -0.180895  -0.799006  0  -10.1926  
3.93  2.84605  0  -0.273908  -0.799006  0  -9.3013  
3.94  2.83806  0  -0.355638  -0.799006  0  -8.17306  
3.95  2.83007  0  -0.424036  -0.799006  0  -6.83976  
3.96  2.82208  0  -0.477419  -0.799006  0  -5.33834  
3.97  2.81409  0  -0.514518  -0.799006  0  -3.70986  
3.98  2.8061  0  -0.534501  -0.799006  0  -1.99834  
3.99  2.79811  0  -0.536997  -0.799006  0  -0.249599  
4  2.79012  0  -0.522097  -0.799006  0  1.48997  
4.01  2.78213  0  -0.490351  -0.799006  0  3.17465  
4.02  2.77414  0  -0.442745  -0.799006  0  4.76057  
4.03  2.76615  0  -0.380677  -0.799006  0  6.20686  
4.04  2.75816  0  -0.30591  -0.799006  0  7.47668  
4.05  2.75017  0  -0.220528  -0.799006  0  8.53818  
4.06  2.74218  0  -0.126875  -0.799006  0  9.3653  
4.07  2.73419  0  -0.0274916  -0.799006  0  9.93835  
4.08  2.7262  0  0.0749536  -0.799006  0  10.2445  
4.09  2.71821  0  0.177735  -0.799006  0  10.2782  
4.1  2.71022  0  0.279536  -0.799006  0  10.1801  
4.11  2.70223  0  0.380356  -0.799006  0  10.082  
4.12  2.69424  0  0.480195  -0.799006  0  9.98388  
4.13  2.68625  0  0.579053  -0.799006  0  9.88578  
4.14  2.67826  0  0.67693  -0.799006  0  9.78768  
4.15  2.67027  0  0.773826  -0.799006  0  9.68958  
4.16  2.66228  0  0.86974  -0.799006  0  9.59148  
4.17  2.65429  0  0.964674  -0.799006  0  9.49338  
4.18  2.6463  0  1.05863  -0.799006  0  9.39528  
4.19  2.63831  0  1.1516  -0.799006  0  9.29718  
4.2  2.63032  0  1.24359  -0.799006  0  9.19908  
4.21  2.62233  0  1.3346  -0.799006  0  9.10098  
4.22  2.61434  0  1.42463  -0.799006  0  9.00288  
4.23  2.60635  0  1.51368  -0.799006  0  8.90478  
4.24  2.59836  0  1.60174  -0.799006  0  8.80668  
4.25  2.59037  0  1.68883  -0.799006  0  8.70858  
4.26  2.58238  0  1.77493  -0.799006  0  8.61048  
4.27  2.57439  0  1.86006  -0.799006  0  8.51238  
4.28  2.5664  0  1.9442  -0.799006  0  8.41428  
4.29  2.55841  0  2.02736  -0.799006  0  8.31618  
4.3  2.55042  0  2.10954  -0.799006  0  8.21808  
4.31  2.54243  0  2.19074  -0.799006  0  8.11998  
4.32  2.53444  0  2.27096  -0.799006  0  8.02188  
4.33  2.52645  0  2.3502  -0.799006  0  7.92378  
4.34  2.51846  0  2.42846  -0.799006  0  7.82568  
4.35  2.51047  0  2.50573  -0.799006  0  7.72758  
4.36  2.50248  0  2.58203  -0.799006  0  7.62948  
4.37  2.49449  0  2.65734  -0.799006  0  7.53138  
4.38  2.4865  0  2.73167  -0.799006  0  7.43328  
4.39  2.47851  0  2.80503  -0.799006  0  7.33518  
4.4  2.47052  0  2.8774  -0.799006  0  7.23708  
4.41  2.46253  0  2.94879  -0.799006  0  7.13898  
4.42  2.45454  0  3.0192  -0.799006  0  7.04088  
4.43  2.44655  0  3.08862  -0.799006  0  6.94278  
4.44  2.43856  0  3.15707  -0.799006  0  6.84468  
4.45  2.43057  0  3.22454  -0.799006  0  6.74658  
4.46  2.42258  0  3.29102  -0.799006  0  6.64848  
4.47  2.41459  0  3.35652  -0.799006  0  6.55038  
4.48  2.4066  0  3.42105  -0.799006  0  6.45228  
4.49  2.39861  0  3.48459  -0.799006  0  6.35418  
4.5  2.39062  0  3.54715  -0.799006  0  6.25608  
4.51  2.38263  0  3.60873  -0.799006  0  6.15798  
4.52  2.37464  0  3.66933  -0.799006  0  6.05988  
4.53  2.36665  0  3.72895  -0.799006  0  5.96178  
4.54  2.35866  0  3.78758  -0.799006  0  5.86368  
4.55  2.35067  0  3.84524  -0.799006  0  5.76558  
4.56  2.34268  0  3.90191  -0.799006  0  5.66748  
4.57  2.33469  0  3.95761  -0.799006  0  5.56938  
4.58  2.3267  0  4.01232  -0.799006  0  5.47128  
4.59  2.31871  0  4.06605  -0.799006  0  5.37318  
4.6  2.31072  0  4.1188  -0.799006  0  5.27508  
4.61  2.30273  0  4.17057  -0.799006  0  5.17698  
4.62  2.29474  0  4.22136  -0.799006  0  5.07888  
4.63  2.28675  0  4.27117  -0.799006  0  4.98078  
4.64  2.27876  0  4.32  -0.799006  0  4.88268  
4.65  2.27077  0  4.36784  -0.799006  0  4.78458  
4.66  2.26278  0  4.41471  -0.799006  0  4.68648  
4.67  2.25479  0  4.46059  -0.799006  0  4.58838  
4.68  2.2468  0  4.50549  -0.799006  0  4.49028  
4.69  2.23881  0  4.54942  -0.799006  0  4.39218  
4.7  2.23082  0  4.59236  -0.799006  0  4.29408  
4.71  2.22283  0  4.63432  -0.799006  0  4.19598  
4.72  2.21484  0  4.6753  -0.799006  0  4.09788  
4.73  2.20685  0  4.71529  -0.799006  0  3.99978  
4.74  2.19886  0  4.75431  -0.799006  0  3.90168  
4.75  2.19087  0  4.79235  -0.799006  0  3.80358  
4.76  2.18288  0  4.8294  -0.799006  0  3.70548  
4.77  2.17489  0  4.86547  -0.799006  0  3.60738  
4.78  2.1669  0  4.90057  -0.799006  0  3.50928  
4.79  2.15891  0  4.93468  -0.799006  0  3.41118  
4.8  2.15092  0  4.96781  -0.799006  0  3.31308  
4.81  2.14293  0  4.99996  -0.799006  0  3.21498  
4.82  2.13494  0  5.03113  -0.799006  0  3.11688  
4.83  2.12695  0  5.06132  -0.799006  0  3.01878  
4.84  2.11896  0  5.09052  -0.799006  0  2.92068  
4.85  2.11097  0  5.11875  -0.799006  0  2.82258  
4.86  2.10298  0  5.14599  -0.799006  0  2.72448  
4.87  2.09499  0  5.17226  -0.799006  0  2.62638  
4.88  2.087  0  5.19754  -0.799006  0  2.52828  
4.89  2.07901  0  5.22184  -0.799006  0  2.43018  
4.9  2.07102  0  5.24516  -0.799006  0  2.33208  
4.91  2.06303  0  5.2675  -0.799006  0  2.23398  
4.92  2.05504  0  5.28886  -0.799006  0  2.13588  
4.93  2.04705  0  5.30924  -0.799006  0  2.03778  
4.94  2.03906  0  5.32864  -0.799006  0  1.93968  
4.95  2.03107  0  5.34705  -0.799006  0  1.84158  
4.96  2.02308  0  5.36449  -0.799006  0  1.74348  
4.97  2.01509  0  5.38094  -0.799006  0  1.64538  
4.98  2.0071  0  5.39641  -0.799006  0  1.54728  
4.99  1.99911  0  5.41091  -0.799006  0  1.44918  
5  1.99112  0  5.42442  -0.799006  0  1.35108  
5.01  1.98313  0  5.43695  -0.799006  0  1.25298  
5.02  1.97514  0  5.4485  -0.799006  0  1.15488  
5.03  1.96715  0  5.45906  -0.799006  0  1.05678  
5.04  1.95916  0  5.46865  -0.799006  0  0.958684  
5.05  1.95117  0  5.47726  -0.799006  0  0.860584  
5.06  1.94318  0  5.48488  -0.799006  0  0.762484  
5.07  1.93519  0  5.49152  -0.799006  0  0.664384  
5.08  1.9272  0  5.49719  -0.799006  0  0.566284  
5.09  1.91921  0  5.50187  -0.799006  0  0.468184  
5.1  1.91122  0  5.50557  -0.799006  0  0.370084  
5.11  1.90323  0  5.50829  -0.799006  0  0.271984  
5.12  1.89524  0  5.51003  -0.799006  0  0.173884  
5.13  1.88725  0  5.51079  -0.799006  0  0.0757838  
5.14  1.87926  0  5.51056  -0.799006  0  -0.0223162  
5.15  1.87127  0  5.50936  -0.799006  0  -0.120416  
5.16  1.86328  0  5.50717  -0.799006  0  -0.218516  
5.17  1.85529  0  5.50401  -0.799006  0  -0.316616  
5.18  1.8473  0  5.49986  -0.799006  0  -0.414716  
5.19  1.83931  0  5.49473  -0.799006  0  -0.512816  
5.2  1.83132  0  5.48862  -0.799006  0  -0.610916  
5.21  1.82333  0  5.48153  -0.799006  0  -0.709016  
5.22  1.81534  0  5.47346  -0.799006  0  -0.807116  
5.23  1.80735  0  5.46441  -0.799006  0  -0.905216  
5.24  1.79936  0  5.45438  -0.799006  0  -1.00332  
5.25  1.79137  0  5.44336  -0.799006  0  -1.10142  
5.26  1.78338  0  5.43137  -0.799006  0  -1.19952  
5.27  1.77539  0  5.41839  -0.799006  0  -1.29762  
5.28  1.7674  0  5.40443  -0.799006  0  -1.39572  
5.29  1.75941  0  5.3895  -0.799006  0  -1.49382  
5.3  1.75142  0  5.37358  -0.799006  0  -1.59192  
5.31  1.74343  0  5.35668  -0.799006  0  -1.69002  
5.32  1.73544  0  5.3388  -0.799006  0  -1.78812  
5.33  1.72745  0  5.31993  -0.799006  0  -1.88622  
5.34  1.71946  0  5.30009  -0.799006  0  -1.98432  
5.35  1.71147  0  5.27927  -0.799006  0  -2.08242  
5.36  1.70348  0  5.25746  -0.799006  0  -2.18052  
5.37  1.69549  0  5.23467  -0.799006  0  -2.27862  
5.38  1.6875  0  5.21091  -0.799006  0  -2.37672  
5.39  1.67951  0  5.18616  -0.799006  0  -2.47482  
5.4  1.67152  0  5.16043  -0.799006  0  -2.57292  
5.41  1.66353  0  5.13372  -0.799006  0  -2.67102  
5.42  1.65554  0  5.10603  -0.799006  0  -2.76912  
5.43  1.64755  0  5.07736  -0.799006  0  -2.86722  
5.44  1.63956  0  5.0477  -0.799006  0  -2.96532  
5.45  1.63157  0  5.01707  -0.799006  0  -3.06342  
5.46  1.62358  0  4.98545  -0.799006  0  -3.16152  
5.47  1.61559  0  4.95286  -0.799006  0  -3.25962  
5.48  1.6076  0  4.91928  -0.799006  0  -3.35772  
5.49  1.59961  0  4.88472  -0.799006  0  -3.45582  
5.5  1.59162  0  4.84918  -0.799006  0  -3.55392  
5.51  1.58363  0  4.81266  -0.799006  0  -3.65202  
5.52  1.57564  0  4.77516  -0.799006  0  -3.75012  
5.53  1.56765  0  4.73668  -0.799006  0  -3.84822  
5.54  1.55966  0  4.69722  -0.799006  0  -3.94632  
5.55  1.55167  0  4.65677  -0.799006  0  -4.04442  
5.56  1.54368  0  4.61535  -0.799006  0  -4.14252  
5.57  1.53568  0  4.57294  -0.799006  0  -4.24062  
5.58  1.52769  0  4.52955  -0.799006  0  -4.33872  
5.59  1.5197  0  4.48519  -0.799006  0  -4.43682  
5.6  1.51171  0  4.43984  -0.799006  0  -4.53492  
5.61  1.50372  0  4.39351  -0.799006  0  -4.63302  
5.62  1.49573  0  4.3462  -0.799006  0  -4.73112  
5.63  1.48774  0  4.2979  -0.799006  0  -4.82922  
5.64  1.47975  0  4.24863  -0.799006  0  -4.92732  
5.65  1.47176  0  4.19838  -0.799006  0  -5.02542  
5.66  1.46377  0  4.14714  -0.799006  0  -5.12352  
5.67  1.45578  0  4.09492  -0.799006  0  -5.22162  
5.68  1.44779  0  4.04173  -0.799006  0  -5.31972  
5.69  1.4398  0  3.98755  -0.799006  0  -5.41782  
5.7  1.43181  0  3.93239  -0.799006  0  -5.51592  
5.71  1.42382  0  3.87625  -0.799006  0  -5.61402  
5.72  1.41583  0  3.81913  -0.799006  0  -5.71212  
5.73  1.40784  0  3.76103  -0.799006  0  -5.81022  
5.74  1.39985  0  3.70194  -0.799006  0  -5.90832  
5.75  1.39186  0  3.64188  -0.799006  0  -6.00642  
5.76  1.38387  0  3.58083  -0.799006  0  -6.10452  
5.77  1.37588  0  3.51881  -0.799006  0  -6.20262  
5.78  1.36789  0  3.4558  -0.799006  0  -6.30072  
5.79  1.3599  0  3.39181  -0.799006  0  -6.39882  
5.8  1.35191  0  3.32684  -0.799006  0  -6.49692  
5.81  1.34392  0  3.26089  -0.799006  0  -6.59502  
5.82  1.33593  0  3.19396  -0.799006  0  -6.69312  
5.83  1.32794  0  3.12605  -0.799006  0  -6.79122  
5.84  1.31995  0  3.05716  -0.799006  0  -6.88932  
5.85  1.31196  0  2.98728  -0.799006  0  -6.98742  
5.86  1.30397  0  2.91643  -0.799006  0  -7.08552  
5.87  1.29598  0  2.84459  -0.799006  0  -7.18362  
5.88  1.28799  0  2.77177  -0.799006  0  -7.28172  
5.89  1.28  0  2.69798  -0.799006  0  -7.37982  
5.9  1.27201  0  2.6232  -0.799006  0  -7.47792  
5.91  1.26402  0  2.54744  -0.799006  0  -7.57602  
5.92  1.25603  0  2.4707  -0.799006  0  -7.67412  
5.93  1.24804  0  2.39297  -0.799006  0  -7.77222  
5.94  1.24005  0  2.31427  -0.799006  0  -7.87032  
5.95  1.23206  0  2.23459  -0.799006  0  -7.96842  
5.96  1.22407  0  2.15392  -0.799006  0  -8.06652  
5.97  1.21608  0  2.07227  -0.799006  0  -8.16462  
5.98  1.20809  0  1.98965  -0.799006  0  -8.26272  
5.99  1.2001  0  1.90604  -0.799006  0  -8.36082  
6  1.19211  0  1.82145  -0.799006  0  -8.45892  
6.01  1.18412  0  1.73588  -0.799006  0  -8.55702  
6.02  1.17613  0  1.64933  -0.799006  0  -8.65512  
6.03  1.16814  0  1.5618  -0.799006  0  -8.75322  
6.04  1.16015  0  1.47328  -0.799006  0  -8.85132  
6.05  1.15216  0  1.38379  -0.799006  0  -8.94942  
6.06  1.14417  0  1.29331  -0.799006  0  -9.04752  
6.07  1.13618  0  1.20186  -0.799006  0  -9.14562  
6.08  1.12819  0  1.10942  -0.799006  0  -9.24372  
6.09  1.1202  0  1.016  -0.799006  0  -9.34182  
6.1  1.11221  0  0.921604  -0.799006  0  -9.43992  
6.11  1.10422  0  0.826224  -0.799006  0  -9.53802  
6.12  1.09623  0  0.729863  -0.799006  0  -9.63612  
6.13  1.08824  0  0.63252  -0.799006  0  -9.73422  
6.14  1.08025  0  0.534197  -0.799006  0  -9.83232  
6.15  1.07226  0  0.434893  -0.799006  0  -9.93042  
6.16  1.06427  0  0.334608  -0.799006  0  -10.0285  
6.17  1.05628  0  0.233342  -0.799006  0  -10.1266  
6.18  1.04829  0  0.131095  -0.799006  0  -10.2247  
6.19  1.0403  0  0.0295478  -0.799006  0  -10.1547  
6.2  1.03231  0  -0.0686308  -0.799006  0  -9.81786  
6.21  1.02432  0  -0.160886  -0.799006  0  -9.22554  
6.22  1.01633  0  -0.244842  -0.799006  0  -8.39561  
6.23  1.00834  0  -0.318363  -0.799006  0  -7.35206  
6.24  1.00035  0  -0.379606  -0.799006  0  -6.12431  
6.25  0.992361  0  -0.427069  -0.799006  0  -4.74632  
6.26  0.984371  0  -0.459627  -0.799006  0  -3.25576  
6.27  0.976381  0  -0.476556  -0.799006  0  -1.69287  
6.28  0.968391  0  -0.47755  -0.799006  0  -0.0994739  
6.29  0.960401  0  -0.462728  -0.799006  0  1.4822  
6.3  0.952411  0  -0.432622  -0.799006  0  3.01061  
6.31  0.944421  0  -0.388162  -0.799006  0  4.44599  
6.32  0.936431  0  -0.330648  -0.799006  0  5.75137  
6.33  0.928441  0  -0.261713  -0.799006  0  6.89355  
6.34  0.920451  0  -0.183274  -0.799006  0  7.84392  
6.35  0.912461  0  -0.097482  -0.799006  0  8.57918  
6.36  0.904471  0  -0.00666301  -0.799006  0  9.0819  
6.37  0.896481  0  0.0867464  -0.799006  0  9.34094  
6.38  0.88849  0  0.180263  -0.799006  0  9.35167  
6.39  0.8805  0  0.272799  -0.799006  0  9.25357  
6.4  0.87251  0  0.364354  -0.799006  0  9.15547  
6.41  0.86452  0  0.454927  -0.799006  0  9.05737  
6.42  0.85653  0  0.54452  -0.799006  0  8.95927  
6.43  0.84854  0  0.633132  -0.799006  0  8.86117  
6.44  0.84055  0  0.720763  -0.799006  0  8.76307  
6.45  0.83256  0  0.807412  -0.799006  0  8.66497  
6.46  0.82457  0  0.893081  -0.799006  0  8.56687  
6.47  0.81658  0  0.977769  -0.799006  0  8.46877  
6.48  0.80859  0  1.06148  -0.799006  0  8.37067  
6.49  0.8006  0  1.1442  -0.799006  0  8.27257  
6.5  0.79261  0  1.22595  -0.799006  0  8.17447  
6.51  0.78462  0  1.30671  -0.799006  0  8.07637  
6.52  0.77663  0  1.38649  -0.799006  0  7.97827  
6.53  0.76864  0  1.46529  -0.799006  0  7.88017  
6.54  0.76065  0  1.54312  -0.799006  0  7.78207  
6.55  0.75266  0  1.61995  -0.799006  0  7.68397  
6.56  0.744669  0  1.69581  -0.799006  0  7.58587  
6.57  0.736679  0  1.77069  -0.799006  0  7.48777  
6.58  0.728689  0  1.84459  -0.799006  0  7.38967  
6.59  0.720699  0  1.9175  -0.799006  0  7.29157  
6.6  0.712709  0  1.98944  -0.799006  0  7.19347  
6.61  0.704719  0  2.06039  -0.799006  0  7.09537  
6.62  0.696729  0  2.13037  -0.799006  0  6.99727  
6.63  0.688739  0  2.19936  -0.799006  0  6.89917  
6.64  0.680749  0  2.26737  -0.799006  0  6.80107  
6.65  0.672759  0  2.3344  -0.799006  0  6.70297  
6.66  0.664769  0  2.40045  -0.799006  0  6.60487  
6.67  0.656779  0  2.46551  -0.799006  0  6.50677  
6.68  0.648789  0  2.5296  -0.799006  0  6.40867  
6.69  0.640799  0  2.59271  -0.799006  0  6.31057  
6.7  0.632809  0  2.65483  -0.799006  0  6.21247  
6.71  0.624819  0  2.71597  -0.799006  0  6.11437  
6.72  0.616829  0  2.77614  -0.799006  0  6.01627  
6.73  0.608839  0  2.83532  -0.799006  0  5.91817  
6.74  0.600848  0  2.89352  -0.799006  0  5.82007  
6.75  0.592858  0  2.95074  -0.799006  0  5.72197  
6.76  0.584868  0  3.00698  -0.799006  0  5.62387  
6.77  0.576878  0  3.06224  -0.799006  0  5.52577  
6.78  0.568888  0  3.11651  -0.799006  0  5.42767  
6.79  0.560898  0  3.16981  -0.799006  0  5.32957  
6.8  0.552908  0  3.22212  -0.799006  0  5.23147  
6.81  0.544918  0  3.27346  -0.799006  0  5.13337  
6.82  0.536928  0  3.32381  -0.799006  0  5.03527  
6.83  0.528938  0  3.37318  -0.799006  0  4.93717  
6.84  0.520948  0  3.42157  -0.799006  0  4.83907  
6.85  0.512958  0  3.46898  -0.799006  0  4.74097  
6.86  0.504968  0  3.51541  -0.799006  0  4.64287  
6.87  0.496978  0  3.56086  -0.799006  0  4.54477  
6.88  0.488988  0  3.60533  -0.799006  0  4.44667  
6.89  0.480998  0  3.64881  -0.799006  0  4.34857  
6.9  0.473008  0  3.69132  -0.799006  0  4.25047  
6.91  0.465018  0  3.73284  -0.799006  0  4.15237  
6.92  0.457027  0  3.77338  -0.799006  0  4.05427  
6.93  0.449037  0  3.81294  -0.799006  0  3.95617  
6.94  0.441047  0  3.85153  -0.799006  0  3.85807  
6.95  0.433057  0  3.88912  -0.799006  0  3.75997  
6.96  0.425067  0  3.92574  -0.799006  0  3.66187  
6.97  0.417077  0  3.96138  -0.799006  0  3.56377  
6.98  0.409087  0  3.99604  -0.799006  0  3.46567  
6.99  0.401097  0  4.02971  -0.799006  0  3.36757  
7  0.393107  0  4.06241  -0.799006  0  3.26947  
7.01  0.385117  0  4.09412  -0.799006  0  3.17137  
7.02  0.377127  0  4.12486  -0.799006  0  3.07327  
7.03  0.369137  0  4.15461  -0.799006  0  2.97517  
7.04  0.361147  0  4.18338  -0.799006  0  2.87707  
7.05  0.353157  0  4.21117  -0.799006  0  2.77897  
7.06  0.345167  0  4.23798  -0.799006  0  2.68087  
7.07  0.337177  0  4.2638  -0.799006  0  2.58277  
7.08  0.329187  0  4.28865  -0.799006  0  2.48467  
7.09  0.321197  0  4.31252  -0.799006  0  2.38657  
7.1  0.313206  0  4.3354  -0.799006  0  2.28847  
7.11  0.305216  0  4.3573  -0.799006  0  2.19037  
7.12  0.297226  0  4.37823  -0.799006  0  2.09227  
7.13  0.289236  0  4.39817  -0.799006  0  1.99417  
7.14  0.281246  0  4.41713  -0.799006  0  1.89607  
7.15  0.273256  0  4.43511  -0.799006  0  1.79797  
7.16  0.265266  0  4.45211  -0.799006  0  1.69987  
7.17  0.257276  0  4.46813  -0.799006  0  1.60177  
7.18  0.249286  0  4.48316  -0.799006  0  1.50367  
7.19  0.241296  0  4.49722  -0.799006  0  1.40557  
7.2  0.233306  0  4.51029  -0.799006  0  1.30747  
7.21  0.225316  0  4.52239  -0.799006  0  1.20937  
7.22  0.217326  0  4.5335  -0.799006  0  1.11127  
7.23  0.209336  0  4.54363  -0.799006  0  1.01317  
7.24  0.201346  0  4.55278  -0.799006  0  0.915075  
7.25  0.193356  0  4.56095  -0.799006  0  0.816975  
7.26  0.185366  0  4.56814  -0.799006  0  0.718875  
7.27  0.177376  0  4.57435  -0.799006  0  0.620775  
7.28  0.169385  0  4.57958  -0.799006  0  0.522675  
7.29  0.161395  0  4.58382  -0.799006  0  0.424575  
7.3  0.153405  0  4.58709  -0.799006  0  0.326475  
7.31  0.145415  0  4.58937  -0.799006  0  0.228375  
7.32  0.137425  0  4.59067  -0.799006  0  0.130275  
7.33  0.129435  0  4.59099  -0.799006  0  0.032175  
7.34  0.121445  0  4.59034  -0.799006  0  -0.065925  
7.35  0.113455  0  4.58869  -0.799006  0  -0.164025  
7.36  0.105465  0  4.58607  -0.799006  0  -0.262125  
7.37  0.097475  0  4.58247  -0.799006  0  -0.360225  
7.38  0.0894849  0  4.57789  -0.799006  0  -0.458325  
7.39  0.0814949  0  4.57232  -0.799006  0  -0.556425  
7.4  0.0735048  0  4.56578  -0.799006  0  -0.654525  
7.41  0.0655148  0  4.55825  -0.799006  0  -0.752625  
7.42  0.0575247  0  4.54975  -0.799006  0  -0.850725  
7.43  0.0495346  0  4.54026  -0.799006  0  -0.948825  
7.44  0.0415446  0  4.52979  -0.799006  0  -1.04693  
7.45  0.0335545  0  4.51834  -0.799006  0  -1.14503  
7.46  0.0255645  0  4.50591  -0.799006  0  -1.24313  
7.47  0.0175744  0  4.49249  -0.799006  0  -1.34123  
7.48  0.00958437  0  4.4781  -0.799006  0  -1.43933  
7.49  0.00159431  0  4.46273  -0.799006  0  -1.53743  
7.5  -0.00639574  0  4.44637  -0.799006  0  -1.63553  
7.51  -0.0143858  0  4.42903  -0.799006  0  -1.73363  
7.52  -0.0223759  0  4.41072  -0.799006  0  -1.83173  
7.53  -0.0303659  0  4.39142  -0.799006  0  -1.92983  
7.54  -0.038356  0  4.37114  -0.799006  0  -2.02793  
7.55  -0.046346  0  4.34988  -0.799006  0  -2.12603  
7.56  -0.0543361  0  4.32764  -0.799006  0  -2.22413  
7.57  -0.0623261  0  4.30442  -0.799006  0  -2.32223  
7.58  -0.0703162  0  4.28021  -0.799006  0  -2.42033  
7.59  -0.0783062  0  4.25503  -0.799006  0  -2.51843  
7.6  -0.0862963  0  4.22886  -0.799006  0  -2.61653  
7.61  -0.0942864  0  4.20172  -0.799006  0  -2.71463  
7.62  -0.102276  0  4.17359  -0.799006  0  -2.81273  
7.63  -0.110266  0  4.14448  -0.799006  0  -2.91083  
7.64  -0.118257  0  4.11439  -0.799006  0  -3.00893  
7.65  -0.126247  0  4.08332  -0.799006  0  -3.10703  
7.66  -0.134237  0  4.05127  -0.799006  0  -3.20513  
7.67  -0.142227  0  4.01824  -0.799006  0  -3.30323  
7.68  -0.150217  0  3.98423  -0.799006  0  -3.40133  
7.69  -0.158207  0  3.94923  -0.799006  0  -3.49943  
7.7  -0.166197  0  3.91326  -0.799006  0  -3.59753  
7.71  -0.174187  0  3.8763  -0.799006  0  -3.69563  
7.72  -0.182177  0  3.83836  -0.799006  0  -3.79373  
7.73  -0.190167  0  3.79944  -0.799006  0  -3.89183  
7.74  -0.198157  0  3.75955  -0.799006  0  -3.98993  
7.75  -0.206147  0  3.71866  -0.799006  0  -4.08803  
7.76  -0.214137  0  3.6768  -0.799006  0  -4.18613  
7.77  -0.222127  0  3.63396  -0.799006  0  -4.28423  
7.78  -0.230117  0  3.59014  -0.799006  0  -4.38233  
7.79  -0.238107  0  3.54533  -0.799006  0  -4.48043  
7.8  -0.246097  0  3.49955  -0.799006  0  -4.57853  
7.81  -0.254087  0  3.45278  -0.799006  0  -4.67663  
7.82  -0.262078  0  3.40504  -0.799006  0  -4.77473  
7.83  -0.270068  0  3.35631  -0.799006  0  -4.87283  
7.84  -0.278058  0  3.3066  -0.799006  0  -4.97093  
7.85  -0.286048  0  3.25591  -0.799006  0  -5.06903  
7.86  -0.294038  0  3.20424  -0.799006  0  -5.16713  
7.87  -0.302028  0  3.15158  -0.799006  0  -5.26523  
7.88  -0.310018  0  3.09795  -0.799006  0  -5.36333  
7.89  -0.318008  0  3.04334  -0.799006  0  -5.46143  
7.9  -0.325998  0  2.98774  -0.799006  0  -5.55953  
7.91  -0.333988  0  2.93116  -0.799006  0  -5.65763  
7.92  -0.341978  0  2.87361  -0.799006  0  -5.75573  
7.93  -0.349844  0  2.81507  -0.786606  0  -5.85383  
7.94  -0.35738  0  2.75555  -0.753603  0  -5.95193  
7.95  -0.364391  0  2.69505  -0.701053  0  -6.05003  
7.96  -0.370696  0  2.63357  -0.630515  0  -6.14813  
7.97  -0.376136  0  2.57111  -0.544008  0  -6.24623  
7.98  -0.380575  0  2.50766  -0.443954  0  -6.34433  
7.99  -0.383907  0  2.44324  -0.33311  0  -6.44243  
8  -0.386051  0  2.37783  -0.214491  0  -6.54053  
8.01  -0.386964  0  2.31145  -0.0912917  0  -6.63863  
8.02  -0.386632  0  2.24408  0.0332027  0  -6.73673  
8.03  -0.385075  0  2.17573  0.155702  0  -6.83483  
8.04  -0.382345  0  2.1064  0.272999  0  -6.93293  
8.05  -0.378525  0  2.03609  0.382052  0  -7.03103  
8.06  -0.373724  0  1.9648  0.480062  0  -7.12913  
8.07  -0.368079  0  1.89253  0.564549  0  -7.22723  
8.08  -0.361745  0  1.81928  0.633408  0  -7.32533  
8.09  -0.354895  0  1.74504  0.684968  0  -7.42343  
8.1  -0.347715  0  1.66983  0.718027  0  -7.52153  
8.11  -0.340396  0  1.59363  0.73188  0  -7.61963  
8.12  -0.333133  0  1.51645  0.726336  0  -7.71773  
8.13  -0.325869  0  1.43829  0.726336  0  -7.81583  
8.14  -0.318606  0  1.35916  0.726336  0  -7.91393  
8.15  -0.311342  0  1.27903  0.726336  0  -8.01203  
8.16  -0.304079  0  1.19793  0.726336  0  -8.11013  
8.17  -0.296816  0  1.11585  0.726336  0  -8.20823  
8.18  -0.289552  0  1.03279  0.726336  0  -8.30633  
8.19  -0.282289  0  0.948744  0.726336  0  -8.40443  
8.2  -0.275026  0  0.863719  0.726336  0  -8.50253  
8.21  -0.267762  0  0.777712  0.726336  0  -8.60063  
8.22  -0.260499  0  0.690725  0.726336  0  -8.69873  
8.23  -0.253236  0  0.602757  0.726336  0  -8.79683  
8.24  -0.245972  0  0.513808  0.726336  0  -8.89493  
8.25  -0.238709  0  0.423877  0.726336  0  -8.99303  
8.26  -0.231446  0  0.332966  0.726336  0  -9.09113  
8.27  -0.224182  0  0.241074  0.726336  0  -9.18923  
8.28  -0.216919  0  0.148201  0.726336  0  -9.28733  
8.29  -0.209655  0  0.0554929  0.726336  0  -9.27077  
8.3  -0.202392  0  -0.0346094  0.726336  0  -9.01023  
8.31  -0.195129  0  -0.119757  0.726336  0  -8.51477  
8.32  -0.187865  0  -0.197752  0.726336  0  -7.79954  
8.33  -0.180602  0  -0.266606  0.726336  0  -6.88536  
8.34  -0.173339  0  -0.324587  0.726336  0  -5.7981  
8.35  -0.166075  0  -0.370266  0.726336  0  -4.56794  
8.36  -0.158812  0  -0.402552  0.726336  0  -3.22856  
8.37  -0.151549  0  -0.420714  0.726336  0  -1.81621  
8.38  -0.144285  0  -0.424402  0.726336  0  -0.368753  
8.39  -0.137022  0  -0.413648  0.726336  0  1.07539  
8.4  -0.129759  0  -0.388865  0.726336  0  2.47822  
8.41  -0.122495  0  -0.350834  0.726336  0  3.80316  
8.42  -0.115232  0  -0.300674  0.726336  0  5.01603  
8.43  -0.107968  0  -0.239815  0.726336  0  6.08589  
8.44  -0.100705  0  -0.169956  0.726336  0  6.98586  
8.45  -0.0934418  0  -0.0930184  0.726336  0  7.69377  
8.46  -0.0861784  0  -0.0110913  0.726336  0  8.19271  
8.47  -0.0789151  0  0.0736229  0.726336  0  8.47142  
8.48  -0.0716517  0  0.158868  0.726336  0  8.52453  
8.49  -0.0643884  0  0.242395  0.726336  0  8.35269  
8.5  -0.057125  0  0.324941  0.726336  0  8.25459  
8.51  -0.0498617  0  0.406506  0.726336  0  8.15649  
8.52  -0.0425983  0  0.48709  0.726336  0  8.05839  
8.53  -0.0353349  0  0.566693  0.726336  0  7.96029  
8.54  -0.0280716  0  0.645315  0.726336  0  7.86219  
8.55  -0.0208082  0  0.722956  0.726336  0  7.76409  
8.56  -0.0135449  0  0.799616  0.726336  0  7.66599  
8.57  -0.00628152  0  0.875295  0.726336  0  7.56789  
8.58  0.000981837  0  0.949993  0.726336  0  7.46979  
8.59  0.00824519  0  1.02371  0.726336  0  7.37169  
8.6  0.0155085  0  1.09645  0.726336  0  7.27359  
8.61  0.0227719  0  1.1682  0.726336  0  7.17549  
8.62  0.0300353  0  1.23897  0.726336  0  7.07739  
8.63  0.0372986  0  1.30877  0.726336  0  6.97929  
8.64  0.044562  0  1.37758  0.726336  0  6.88119  
8.65  0.0518253  0  1.44541  0.726336  0  6.78309  
8.66  0.0590887  0  1.51226  0.726336  0  6.68499  
8.67  0.066352  0  1.57813  0.726336  0  6.58689  
8.68  0.0736154  0  1.64302  0.726336  0  6.48879  
8.69  0.0808787  0  1.70692  0.726336  0  6.39069  
8.7  0.0881421  0  1.76985  0.726336  0  6.29259  
8.71  0.0954055  0  1.83179  0.726336  0  6.19449  
8.72  0.102669  0  1.89276  0.726336  0  6.09639  
8.73  0.109932  0  1.95274  0.726336  0  5.99829  
8.74  0.117196  0  2.01174  0.726336  0  5.90019  
8.75  0.124459  0  2.06976  0.726336  0  5.80209  
8.76  0.131722  0  2.1268  0.726336  0  5.70399  
8.77  0.138986  0  2.18286  0.726336  0  5.60589  
8.78  0.146249  0  2.23794  0.726336  0  5.50779  
8.79  0.153512  0  2.29204  0.726336  0  5.40969  
8.8  0.160776  0  2.34515  0.726336  0  5.31159  
8.81  0.168039  0  2.39729  0.726336  0  5.21349  
8.82  0.175302  0  2.44844  0.726336  0  5.11539  
8.83  0.182566  0  2.49862  0.726336  0  5.01729  
8.84  0.189829  0  2.54781  0.726336  0  4.91919  
8.85  0.197092  0  2.59602  0.726336  0  4.82109  
8.86  0.204356  0  2.64325  0.726336  0  4.72299  
8.87  0.211619  0  2.6895  0.726336  0  4.62489  
8.88  0.218883  0  2.73477  0.726336  0  4.52679  
8.89  0.226146  0  2.77905  0.726336  0  4.42869  
8.9  0.233409  0  2.82236  0.726336  0  4.33059  
8.91  0.240673  0  2.86468  0.726336  0  4.23249  
8.92  0.247936  0  2.90603  0.726336  0  4.13439  
8.93  0.255199  0  2.94639  0.726336  0  4.03629  
8.94  0.262463  0  2.98577  0.726336  0  3.93819  
8.95  0.269726  0  3.02417  0.726336  0  3.84009  
8.96  0.276989  0  3.06159  0.726336  0  3.74199  
8.97  0.284253  0  3.09803  0.726336  0  3.64389  
8.98  0.291516  0  3.13349  0.726336  0  3.54579  
8.99  0.298779  0  3.16797  0.726336  0  3.44769  
9  0.306043  0  3.20146  0.726336  0  3.34959  
9.01  0.313306  0  3.23398  0.726336  0  3.25149  
9.02  0.320569  0  3.26551  0.726336  0  3.15339  
9.03  0.327833  0  3.29606  0.726336  0  3.05529  
9.04  0.335096  0  3.32564  0.726336  0  2.95719  
9.05  0.34236  0  3.35423  0.726336  0  2.85909  
9.06  0.349623  0  3.38184  0.726336  0  2.76099  
9.07  0.356886  0  3.40847  0.726336  0  2.66289  
9.08  0.36415  0  3.43411  0.726336  0  2.56479  
9.09  0.371413  0  3.45878  0.726336  0  2.46669  
9.1  0.378676  0  3.48247  0.726336  0  2.36859  
9.11  0.38594  0  3.50517  0.726336  0  2.27049  
9.12  0.393203  0  3.5269  0.726336  0  2.17239  
9.13  0.400466  0  3.54764  0.726336  0  2.07429  
9.14  0.40773  0  3.5674  0.726336  0  1.97619  
9.15  0.414993  0  3.58618  0.726336  0  1.87809  
9.16  0.422256  0  3.60398  0.726336  0  1.77999  
9.17  0.42952  0  3.6208  0.726336  0  1.68189  
9.18  0.436783  0  3.63664  0.726336  0  1.58379  
9.19  0.444047  0  3.6515  0.726336  0  1.48569  
9.2  0.45131  0  3.66537  0.726336  0  1.38759  
9.21  0.458573  0  3.67827  0.726336  0  1.28949  
9.22  0.465837  0  3.69018  0.726336  0  1.19139  
9.23  0.4731  0  3.70111  0.726336  0  1.09329  
9.24  0.480363  0  3.71107  0.726336  0  0.995194  
9.25  0.487627  0  3.72004  0.726336  0  0.897094  
9.26  0.49489  0  3.72803  0.726336  0  0.798994  
9.27  0.502153  0  3.73504  0.726336  0  0.700894  
9.28  0.509417  0  3.74106  0.726336  0  0.602794  
9.29  0.51668  0  3.74611  0.726336  0  0.504694  
9.3  0.523943  0  3.75018  0.726336  0  0.406594  
9.31  0.531207  0  3.75326  0.726336  0  0.308494  
9.32  0.53847  0  3.75536  0.726336  0  0.210394  
9.33  0.545733  0  3.75649  0.726336  0  0.112294  
9.34  0.552997  0  3.75663  0.726336  0  0.0141937  
9.35  0.56026  0  3.75579  0.726336  0  -0.0839063  
9.36  0.567524  0  3.75397  0.726336  0  -0.182006  
9.37  0.574787  0  3.75117  0.726336  0  -0.280106  
9.38  0.58205  0  3.74739  0.726336  0  -0.378206  
9.39  0.589314  0  3.74262  0.726336  0  -0.476306  
9.4  0.596577  0  3.73688  0.726336  0  -0.574406  
9.41  0.60384  0  3.73016  0.726336  0  -0.672506  
9.42  0.611104  0  3.72245  0.726336  0  -0.770606  
9.43  0.618367  0  3.71376  0.726336  0  -0.868706  
9.44  0.62563  0  3.70409  0.726336  0  -0.966806  
9.45  0.632894  0  3.69345  0.726336  0  -1.06491  
9.46  0.640157  0  3.68182  0.726336  0  -1.16301  
9.47  0.64742  0  3.6692  0.726336  0  -1.26111  
9.48  0.654684  0  3.65561  0.726336  0  -1.35921  
9.49  0.661947  0  3.64104  0.726336  0  -1.45731  
9.5  0.669211  0  3.62548  0.726336  0  -1.55541  
9.51  0.676474  0  3.60895  0.726336  0  -1.65351  
9.52  0.683737  0  3.59143  0.726336  0  -1.75161  
9.53  0.691001  0  3.57294  0.726336  0  -1.84971  
9.54  0.698264  0  3.55346  0.726336  0  -1.94781  
9.55  0.705527  0  3.533  0.726336  0  -2.04591  
9.56  0.712791  0  3.51156  0.726336  0  -2.14401  
9.57  0.720054  0  3.48914  0.726336  0  -2.24211  
9.58  0.727317  0  3.46574  0.726336  0  -2.34021  
9.59  0.734581  0  3.44135  0.726336  0  -2.43831  
9.6  0.741844  0  3.41599  0.726336  0  -2.53641  
9.61  0.749107  0  3.38964  0.726336  0  -2.63451  
9.62  0.756371  0  3.36232  0.726336  0  -2.73261  
9.63  0.763634  0  3.33401  0.726336  0  -2.83071  
9.64  0.770898  0  3.30472  0.726336  0  -2.92881  
9.65  0.778161  0  3.27445  0.726336  0  -3.02691  
9.66  0.785424  0  3.2432  0.726336  0  -3.12501  
9.67  0.792688  0  3.21097  0.726336  0  -3.22311  
9.68  0.799951  0  3.17776  0.726336  0  -3.32121  
9.69  0.807214  0  3.14357  0.726336  0  -3.41931  
9.7  0.814478  0  3.10839  0.726336  0  -3.51741  
9.71  0.821741  0  3.07224  0.726336  0  -3.61551  
9.72  0.829004  0  3.0351  0.726336  0  -3.71361  
9.73  0.836268  0  2.99699  0.726336  0  -3.81171  
9.74  0.843531  0  2.95789  0.726336  0  -3.90981  
9.75  0.850794  0  2.91781  0.726336  0  -4.00791  
9.76  0.858058  0  2.87675  0.726336  0  -4.10601  
9.77  0.865321  0  2.83471  0.726336  0  -4.20411  
9.78  0.872584  0  2.79169  0.726336  0  -4.30221  
9.79  0.879848  0  2.74768  0.726336  0  -4.40031  
9.8  0.887111  0  2.7027  0.726336  0  -4.49841  
9.81  0.894375  0  2.65673  0.726336  0  -4.59651  
9.82  0.901638  0  2.60979  0.726336  0  -4.69461  
9.83  0.908901  0  2.56186  0.726336  0  -4.79271  
9.84  0.916165  0  2.51295  0.726336  0  -4.89081  
9.85  0.923428  0  2.46306  0.726336  0  -4.98891  
9.86  0.930691  0  2.41219  0.726336  0  -5.08701  
9.87  0.937955  0  2.36034  0.726336  0  -5.18511  
9.88  0.945218  0  2.30751  0.726336  0  -5.28321  
9.89  0.952481  0  2.2537  0.726336  0  -5.38131  
9.9  0.959745  0  2.1989  0.726336  0  -5.47941  
9.91  0.967008  0  2.14313  0.726336  0  -5.57751  
9.92  0.974271  0  2.08637  0.726336  0  -5.67561  
9.93  0.981535  0  2.02863  0.726336  0  -5.77371  
9.94  0.988798  0  1.96992  0.726336  0  -5.87181  
9.95  0.996062  0  1.91022  0.726336  0  -5.96991  
9.96  1.00332  0  1.84954  0.726336  0  -6.06801  
9.97  1.01059  0  1.78788  0.726336  0  -6.16611  
9.98  1.01785  0  1.72523  0.726336  0  -6.26421  
9.99  1.02511  0  1.66161  0.726336  0  -6.36231  
